Layer 2
X	Y	Z	Top	Bot	Thick.	
646152.031	3881974.88	160.389999	185.389999	135.389999	50	
646456.063	3881974.88	112.038998	137.039993	87.038002	50.0019913	
646760.094	3881974.88	124.548	149.550003	99.5459976	50.0040054	
647064.156	3881974.88	141.740002	166.740005	116.739998	50.0000076	
647368.188	3881974.88	154.460003	205.960007	102.959999	103.000008	
647672.219	3881974.88	147.400997	205.899994	88.9020004	116.997993	
647976.25	3881974.88	141.599003	208.600006	74.5979996	134.002007	
648280.281	3881974.88	85.0304985	110.029999	60.0309982	49.9990005	
648584.344	3881974.88	70.2149982	95.2149963	45.2150002	49.9999962	
648888.375	3881974.88	55.1429987	80.1429977	30.1429996	49.9999981	
649192.406	3881974.88	39.8190002	64.8190002	14.8190002	50	
649496.469	3881974.88	24.2408506	49.2410011	-0.759299994	50.0003011	
649800.5	3881974.88	8.40200043	33.4020004	-16.5979996	50	
650104.531	3881974.88	-7.69100094	17.309	-32.6910019	50.0000019	
650408.594	3881974.88	-24.0558399	0.944320023	-49.0559998	50.0003198	
650712.625	3881974.88	-40.6809998	-15.6809998	-65.6809998	50	
651016.656	3881974.88	-57.5910015	-32.5909996	-82.5910034	50.0000038	
651320.719	3881974.88	-74.3410015	-49.3409996	-99.3410034	50.0000038	
651624.75	3881974.88	-86.8084984	-61.8069992	-111.809998	50.0029984	
651928.875	3881974.88	-89.5115013	-64.5130005	-114.510002	49.9970016	
646152.031	3881590.13	161.009995	186.009995	136.009995	50	
646456.063	3881590.13	122.2215	147.220001	97.2229996	49.9970016	
646760.094	3881590.13	121.190502	146.190002	96.1910019	49.9990005	
647064.156	3881590.13	175.850006	204.350006	147.350006	57	
647368.188	3881590.13	172.550003	204.050003	141.050003	63	
647672.219	3881590.13	168.820007	204.320007	133.320007	71	
647976.25	3881590.13	165.300003	206.300003	124.300003	82	
648280.281	3881590.13	163.419998	212.919998	113.919998	99	
648584.344	3881590.13	127.27	152.270004	102.269997	50.0000076	
648888.375	3881590.13	114.311501	139.309998	89.3130035	49.996994	
649192.406	3881590.13	100.040501	125.040001	75.0410004	49.9990005	
649496.469	3881590.13	84.4189987	109.419998	59.4179993	50.0019989	
649800.5	3881590.13	67.3570004	92.3570023	42.3569984	50.0000038	
650104.531	3881590.13	48.8160009	73.8160019	23.816	50.0000019	
650408.594	3881590.13	28.5917995	53.5919991	3.59159994	50.0003991	
650712.625	3881590.13	6.63100052	31.6310005	-18.3689995	50	
651016.656	3881590.13	-17.406049	7.5939002	-42.4059982	49.9998984	
651320.719	3881590.13	-43.6370001	-18.6369991	-68.637001	50.0000019	
651624.75	3881590.13	-72.3740005	-47.3740005	-97.3740005	50	
651928.875	3881590.13	-92.1500015	-67.1500015	-117.150002	50	
646152.031	3881231.25	159.889999	184.889999	134.889999	50	
646456.063	3881231.25	181.470001	206.470001	156.470001	50	
646760.094	3881231.25	141.889999	166.889999	116.889999	50	
647064.156	3881231.25	164.899998	205.899994	123.900002	81.9999924	
647368.188	3881231.25	176.210007	204.210007	148.210007	56	
647672.219	3881231.25	184.160004	204.660004	163.660004	41	
647976.25	3881231.25	188.130005	208.130005	168.130005	40	
648280.281	3881231.25	193.529999	213.529999	173.529999	40	
648584.344	3881231.25	201.75	226.75	176.75	50	
648888.375	3881231.25	179.479996	204.479996	154.479996	50	
649192.406	3881231.25	137.77	162.770004	112.769997	50.0000076	
649496.469	3881231.25	126.970001	151.970001	101.970001	50	
649800.5	3881231.25	130	155	105	50	
650104.531	3881231.25	132.389999	157.389999	107.389999	50	
650408.594	3881231.25	147.960003	172.960007	122.959999	50.0000076	
650712.625	3881231.25	144.440002	169.440002	119.440002	50	
651016.656	3881231.25	107.118496	132.119995	82.1169968	50.0029984	
651320.719	3881231.25	59.3270016	84.3270035	34.3269997	50.0000038	
651624.75	3881231.25	-0.379999161	24.6200008	-25.3799992	50	
651928.875	3881231.25	-65.4140015	-40.4140015	-90.4140015	50	
646152.031	3880852.63	193.410004	218.410004	168.410004	50	
646456.063	3880852.63	196.080002	221.080002	171.080002	50	
646760.094	3880852.63	197.289993	222.289993	172.289993	50	
647064.156	3880852.63	182.029999	207.029999	157.029999	50	
647368.188	3880852.63	180.619995	206.619995	154.619995	52	
647672.219	3880852.63	185.449997	205.949997	164.949997	41	
647976.25	3880852.63	190.779999	209.779999	171.779999	38	
648280.281	3880852.63	194.100006	213.100006	175.100006	38	
648584.344	3880852.63	198.850006	218.850006	178.850006	40	
648888.375	3880852.63	201.639999	221.139999	182.139999	39	
649192.406	3880852.63	185.710007	210.710007	160.710007	50	
649496.469	3880852.63	150.160004	175.160004	125.160004	50	
649800.5	3880852.63	139.639999	164.639999	114.639999	50	
650104.531	3880852.63	134.820004	159.820007	109.82	50.0000076	
650408.594	3880852.63	138.350002	163.350006	113.349998	50.0000076	
650712.625	3880852.63	148.73	173.729996	123.730003	49.9999924	
651016.656	3880852.63	128.399998	153.399994	103.400002	49.9999924	
651320.719	3880852.63	89.4015007	114.400002	64.4029999	49.9970016	
651624.75	3880852.63	40.0859995	65.0859985	15.0860004	49.9999981	
651928.875	3880852.63	-27.4359504	-2.43589997	-52.4360008	50.0001009	
646152.031	3880474	201.429993	226.429993	176.429993	50	
646456.063	3880474	214.059998	239.059998	189.059998	50	
646760.094	3880474	208.619995	233.619995	183.619995	50	
647064.156	3880474	202.910004	227.910004	177.910004	50	
647368.188	3880474	205.179993	230.179993	180.179993	50	
647672.219	3880474	194.270004	210.270004	178.270004	32	
647976.25	3880474	194.259995	210.259995	178.259995	32	
648280.281	3880474	196.210007	212.710007	179.710007	33	
648584.344	3880474	199.910004	217.910004	181.910004	36	
648888.375	3880474	203.130005	222.130005	184.130005	38	
649192.406	3880474	206.050003	226.550003	185.550003	41	
649496.469	3880474	207.320007	232.320007	182.320007	50	
649800.5	3880474	182.119995	207.119995	157.119995	50	
650104.531	3880474	152.130001	177.130005	127.129997	50.0000076	
650408.594	3880474	140.919998	165.919998	115.919998	50	
650712.625	3880474	141.740002	166.740005	116.739998	50.0000076	
651016.656	3880474	149.220001	174.220001	124.220001	50	
651320.719	3880474	118.231998	143.229996	93.2340012	49.9959946	
651624.75	3880474	78.5584984	103.559998	53.5569992	50.0029984	
651928.875	3880474	8.44499969	33.4449997	-16.5550003	50	
646152.031	3880095.5	211.479996	236.479996	186.479996	50	
646456.063	3880095.5	227.309998	252.309998	202.309998	50	
646760.094	3880095.5	217.630005	242.630005	192.630005	50	
647064.156	3880095.5	215.669998	240.669998	190.669998	50	
647368.188	3880095.5	217.149994	242.149994	192.149994	50	
647672.219	3880095.5	213.740005	238.740005	188.740005	50	
647976.25	3880095.5	202.100006	217.100006	187.100006	30	
648280.281	3880095.5	202.910004	218.910004	186.910004	32	
648584.344	3880095.5	204.110001	220.610001	187.610001	33	
648888.375	3880095.5	206.139999	223.639999	188.639999	35	
649192.406	3880095.5	207.860001	226.360001	189.360001	37	
649496.469	3880095.5	210.059998	231.059998	189.059998	42	
649800.5	3880095.5	205.360001	235.360001	175.360001	60	
650104.531	3880095.5	171.979996	196.979996	146.979996	50	
650408.594	3880095.5	156.389999	181.389999	131.389999	50	
650712.625	3880095.5	149.809998	174.809998	124.809998	50	
651016.656	3880095.5	151.210003	176.210007	126.209999	50.0000076	
651320.719	3880095.5	144.869999	169.869995	119.870003	49.9999924	
651624.75	3880095.5	114.040997	139.039993	89.0419998	49.9979935	
651928.875	3880095.5	42.0530005	67.0530014	17.0529995	50.0000019	
646152.031	3879717	218.960007	243.960007	193.960007	50	
646456.063	3879717	242.059998	267.059998	217.059998	50	
646760.094	3879717	242.950005	267.950012	217.949997	50.0000153	
647064.156	3879717	230.809998	255.809998	205.809998	50	
647368.188	3879717	229.970001	254.970001	204.970001	50	
647672.219	3879717	225.639999	250.639999	200.639999	50	
647976.25	3879717	222.75	247.75	197.75	50	
648280.281	3879717	221.130005	246.130005	196.130005	50	
648584.344	3879717	210.880005	226.380005	195.380005	31	
648888.375	3879717	211.119995	227.119995	195.119995	32	
649192.406	3879717	212.880005	230.880005	194.880005	36	
649496.469	3879717	214.139999	234.139999	194.139999	40	
649800.5	3879717	214.289993	236.289993	192.289993	44	
650104.531	3879717	213.149994	239.149994	187.149994	52	
650408.594	3879717	203.279999	243.779999	162.779999	81	
650712.625	3879717	165.740005	190.740005	140.740005	50	
651016.656	3879717	151.320004	176.320007	126.32	50.0000076	
651320.719	3879717	150.460003	175.460007	125.459999	50.0000076	
651624.75	3879717	145.580002	170.580002	120.580002	50	
651928.875	3879717	73.1529999	98.1529999	48.1529999	50	
646152.031	3879338.5	226.710007	251.710007	201.710007	50	
646456.063	3879338.5	264.049995	289.049988	239.050003	49.9999847	
646760.094	3879338.5	255.779999	280.779999	230.779999	50	
647064.156	3879338.5	248.739998	273.73999	223.740005	49.9999847	
647368.188	3879338.5	242.829994	267.829987	217.830002	49.9999847	
647672.219	3879338.5	238.089996	263.089996	213.089996	50	
647976.25	3879338.5	234.339996	259.339996	209.339996	50	
648280.281	3879338.5	231.510002	256.51001	206.509995	50.0000153	
648584.344	3879338.5	229.389999	254.389999	204.389999	50	
648888.375	3879338.5	227.759995	252.759995	202.759995	50	
649192.406	3879338.5	218.059998	236.059998	200.059998	36	
649496.469	3879338.5	217.850006	235.850006	199.850006	36	
649800.5	3879338.5	218.350006	238.850006	197.850006	41	
650104.531	3879338.5	218.440002	241.940002	194.940002	47	
650408.594	3879338.5	217.589996	244.589996	190.589996	54	
650712.625	3879338.5	209.700005	247.990005	171.410004	76.5800018	
651016.656	3879338.5	166.660004	191.660004	141.660004	50	
651320.719	3879338.5	160.509995	185.509995	135.509995	50	
651624.75	3879338.5	172.779999	197.779999	147.779999	50	
651928.875	3879338.5	101.581501	126.580002	76.5830002	49.9970016	
646152.031	3878959.88	234.769997	259.769989	209.770004	49.9999847	
646456.063	3878959.88	271.720001	296.720001	246.720001	50	
646760.094	3878959.88	265.790001	290.790009	240.789993	50.0000153	
647064.156	3878959.88	260.239998	285.23999	235.240005	49.9999847	
647368.188	3878959.88	255.079994	280.079987	230.080002	49.9999847	
647672.219	3878959.88	250.359993	275.359985	225.360001	49.9999847	
647976.25	3878959.88	246.070007	271.070007	221.070007	50	
648280.281	3878959.88	242.239998	267.23999	217.240005	49.9999847	
648584.344	3878959.88	238.839996	263.839996	213.839996	50	
648888.375	3878959.88	234.350006	259.350006	209.350006	50	
649192.406	3878959.88	230.369995	255.369995	205.369995	50	
649496.469	3878959.88	222.75	239.899994	205.600006	34.2999878	
649800.5	3878959.88	221.089996	239.089996	203.089996	36	
650104.531	3878959.88	220.850006	241.350006	200.350006	41	
650408.594	3878959.88	220.570007	244.070007	197.070007	47	
650712.625	3878959.88	220.960007	248.960007	192.960007	56	
651016.656	3878959.88	194.25	219.25	169.25	50	
651320.719	3878959.88	163.25	188.25	138.25	50	
651624.75	3878959.88	190.490005	215.490005	165.490005	50	
651928.875	3878959.88	127.589996	152.589996	102.589996	50	
646152.031	3878581.25	243.160004	268.160004	218.160004	50	
646456.063	3878581.25	270.410004	295.410004	245.410004	50	
646760.094	3878581.25	272.440002	297.440002	247.440002	50	
647064.156	3878581.25	270.070007	295.070007	245.070007	50	
647368.188	3878581.25	264.709999	289.709991	239.710007	49.9999847	
647672.219	3878581.25	256.320007	281.320007	231.320007	50	
647976.25	3878581.25	251.980003	276.980011	226.979996	50.0000153	
648280.281	3878581.25	244.209999	269.209991	219.210007	49.9999847	
648584.344	3878581.25	238.279999	263.279999	213.279999	50	
648888.375	3878581.25	236.410004	261.410004	211.410004	50	
649192.406	3878581.25	236.970001	261.970001	211.970001	50	
649496.469	3878581.25	236.029999	261.029999	211.029999	50	
649800.5	3878581.25	226.720001	245.720001	207.720001	38	
650104.531	3878581.25	225.270004	245.770004	204.770004	41	
650408.594	3878581.25	224.100006	246.100006	202.100006	44	
650712.625	3878581.25	224.529999	249.529999	199.529999	50	
651016.656	3878581.25	221.779999	246.779999	196.779999	50	
651320.719	3878581.25	171.449997	196.449997	146.449997	50	
651624.75	3878581.25	168.979996	193.979996	143.979996	50	
651928.875	3878581.25	151.190002	176.190002	126.190002	50	
646152.031	3878202.75	251.899994	276.899994	226.899994	50	
646456.063	3878202.75	261.450005	286.450012	236.449997	50.0000153	
646760.094	3878202.75	265.109993	290.109985	240.110001	49.9999847	
647064.156	3878202.75	261.600006	286.600006	236.600006	50	
647368.188	3878202.75	265.109993	290.109985	240.110001	49.9999847	
647672.219	3878202.75	257.690002	282.690002	232.690002	50	
647976.25	3878202.75	246.899994	271.899994	221.899994	50	
648280.281	3878202.75	243.559998	268.559998	218.559998	50	
648584.344	3878202.75	247.480003	272.480011	222.479996	50.0000153	
648888.375	3878202.75	244.760002	269.76001	219.759995	50.0000153	
649192.406	3878202.75	245.230003	270.230011	220.229996	50.0000153	
649496.469	3878202.75	240.899994	265.899994	215.899994	50	
649800.5	3878202.75	230.649994	249.649994	211.649994	38	
650104.531	3878202.75	228.240005	248.240005	208.240005	40	
650408.594	3878202.75	227.830002	249.830002	205.830002	44	
650712.625	3878202.75	228.850006	253.350006	204.350006	49	
651016.656	3878202.75	212.669998	237.669998	187.669998	50	
651320.719	3878202.75	179.679993	204.679993	154.679993	50	
651624.75	3878202.75	163.509995	188.509995	138.509995	50	
651928.875	3878202.75	170.399994	195.399994	145.399994	50	
646152.031	3877824.25	250.910004	275.910004	225.910004	50	
646456.063	3877824.25	251.670006	276.670013	226.669998	50.0000153	
646760.094	3877824.25	255.75	280.75	230.75	50	
647064.156	3877824.25	261.489998	286.48999	236.490005	49.9999847	
647368.188	3877824.25	263.440002	288.440002	238.440002	50	
647672.219	3877824.25	256.549995	281.549988	231.550003	49.9999847	
647976.25	3877824.25	254.5	279.5	229.5	50	
648280.281	3877824.25	251.910004	276.910004	226.910004	50	
648584.344	3877824.25	249.980003	274.980011	224.979996	50.0000153	
648888.375	3877824.25	249.230003	274.230011	224.229996	50.0000153	
649192.406	3877824.25	246.910004	271.910004	221.910004	50	
649496.469	3877824.25	244.519997	269.519989	219.520004	49.9999847	
649800.5	3877824.25	235.229996	255.729996	214.729996	41	
650104.531	3877824.25	232.199997	253.699997	210.699997	43	
650408.594	3877824.25	231.259995	254.259995	208.259995	46	
650712.625	3877824.25	231.970001	256.470001	207.470001	49	
651016.656	3877824.25	224.949997	249.949997	199.949997	50	
651320.719	3877824.25	202.279999	227.279999	177.279999	50	
651624.75	3877824.25	173.490005	198.490005	148.490005	50	
651928.875	3877824.25	171.110001	196.110001	146.110001	50	
646152.031	3877445.75	245.899994	270.899994	220.899994	50	
646456.063	3877445.75	250.320007	275.320007	225.320007	50	
646760.094	3877445.75	260.649994	285.649994	235.649994	50	
647064.156	3877445.75	266.450005	291.450012	241.449997	50.0000153	
647368.188	3877445.75	267.850006	292.850006	242.850006	50	
647672.219	3877445.75	265.290001	290.290009	240.289993	50.0000153	
647976.25	3877445.75	262.920006	287.920013	237.919998	50.0000153	
648280.281	3877445.75	259.519997	284.519989	234.520004	49.9999847	
648584.344	3877445.75	255.660004	280.660004	230.660004	50	
648888.375	3877445.75	250.420006	275.420013	225.419998	50.0000153	
649192.406	3877445.75	248.820007	273.820007	223.820007	50	
649496.469	3877445.75	248.399994	273.399994	223.399994	50	
649800.5	3877445.75	238.190002	259.190002	217.190002	42	
650104.531	3877445.75	235.510002	258.51001	212.509995	46.0000153	
650408.594	3877445.75	234.380005	258.880005	209.880005	49	
650712.625	3877445.75	233.209999	258.209991	208.210007	49.9999847	
651016.656	3877445.75	230.489998	262.98999	197.990005	64.9999847	
651320.719	3877445.75	212.539993	237.539993	187.539993	50	
651624.75	3877445.75	182.229996	207.229996	157.229996	50	
651928.875	3877445.75	175.070007	200.070007	150.070007	50	
646152.031	3877067.13	244.890007	269.890015	219.889999	50.0000153	
646456.063	3877067.13	252.019997	277.019989	227.020004	49.9999847	
646760.094	3877067.13	259.450005	284.450012	234.449997	50.0000153	
647064.156	3877067.13	266.559998	291.559998	241.559998	50	
647368.188	3877067.13	271.869995	296.869995	246.869995	50	
647672.219	3877067.13	271.399994	296.399994	246.399994	50	
647976.25	3877067.13	268.160004	293.160004	243.160004	50	
648280.281	3877067.13	262.959999	287.959991	237.960007	49.9999847	
648584.344	3877067.13	259.820007	284.820007	234.820007	50	
648888.375	3877067.13	254.470001	279.470001	229.470001	50	
649192.406	3877067.13	254.100006	279.100006	229.100006	50	
649496.469	3877067.13	251.25	276.25	226.25	50	
649800.5	3877067.13	240.739998	262.23999	219.240005	42.9999847	
650104.531	3877067.13	237.470001	260.970001	213.970001	47	
650408.594	3877067.13	235.640007	260.140015	211.139999	49.0000153	
650712.625	3877067.13	237.079994	263.079987	211.080002	51.9999847	
651016.656	3877067.13	240.309998	266.309998	214.309998	52	
651320.719	3877067.13	240.839996	265.839996	215.839996	50	
651624.75	3877067.13	205.860001	230.860001	180.860001	50	
651928.875	3877067.13	192.460007	217.460007	167.460007	50	
646152.031	3876688.5	241.600006	266.600006	216.600006	50	
646456.063	3876688.5	247.589996	272.589996	222.589996	50	
646760.094	3876688.5	255.450005	280.450012	230.449997	50.0000153	
647064.156	3876688.5	260.489998	285.48999	235.490005	49.9999847	
647368.188	3876688.5	270.779999	295.779999	245.779999	50	
647672.219	3876688.5	269.489998	294.48999	244.490005	49.9999847	
647976.25	3876688.5	264.100006	289.100006	239.100006	50	
648280.281	3876688.5	263.609993	288.609985	238.610001	49.9999847	
648584.344	3876688.5	259.309998	284.309998	234.309998	50	
648888.375	3876688.5	259.390007	284.390015	234.389999	50.0000153	
649192.406	3876688.5	261.890007	286.890015	236.889999	50.0000153	
649496.469	3876688.5	253.690002	278.690002	228.690002	50	
649800.5	3876688.5	243.589996	266.089996	221.089996	45	
650104.531	3876688.5	239.890007	264.390015	215.389999	49.0000153	
650408.594	3876688.5	237.420006	262.420013	212.419998	50.0000153	
650712.625	3876688.5	238.549995	264.549988	212.550003	51.9999847	
651016.656	3876688.5	242.970001	269.470001	216.470001	53	
651320.719	3876688.5	239.760002	264.76001	214.759995	50.0000153	
651624.75	3876688.5	215.990005	240.990005	190.990005	50	
651928.875	3876688.5	201.529999	226.529999	176.529999	50	
646152.031	3876310	234.839996	259.839996	209.839996	50	
646456.063	3876310	243.880005	268.880005	218.880005	50	
646760.094	3876310	248.290001	273.290009	223.289993	50.0000153	
647064.156	3876310	253	278	228	50	
647368.188	3876310	255.839996	280.839996	230.839996	50	
647672.219	3876310	256.929993	281.929993	231.929993	50	
647976.25	3876310	259.200005	284.200012	234.199997	50.0000153	
648280.281	3876310	262.920006	287.920013	237.919998	50.0000153	
648584.344	3876310	261.399994	286.399994	236.399994	50	
648888.375	3876310	258.640007	276.140015	241.139999	35.0000153	
649192.406	3876310	257.859993	275.859985	239.860001	35.9999847	
649496.469	3876310	252.420006	273.920013	230.919998	43.0000153	
649800.5	3876310	246.609993	270.109985	223.110001	46.9999847	
650104.531	3876310	243.239998	269.23999	217.240005	51.9999847	
650408.594	3876310	241.739998	269.23999	214.240005	54.9999847	
650712.625	3876310	242.570007	270.570007	214.570007	56	
651016.656	3876310	246.010002	273.01001	219.009995	54.0000153	
651320.719	3876310	252.589996	277.589996	227.589996	50	
651624.75	3876310	223.580002	248.580002	198.580002	50	
651928.875	3876310	201.520004	226.520004	176.520004	50	
646152.031	3875931.5	239.720001	264.720001	214.720001	50	
646456.063	3875931.5	242.549995	267.549988	217.550003	49.9999847	
646760.094	3875931.5	244.019997	269.019989	219.020004	49.9999847	
647064.156	3875931.5	244.25	269.25	219.25	50	
647368.188	3875931.5	248.670006	273.670013	223.669998	50.0000153	
647672.219	3875931.5	253.359993	278.359985	228.360001	49.9999847	
647976.25	3875931.5	260.459999	285.459991	235.460007	49.9999847	
648280.281	3875931.5	264.279999	289.279999	239.279999	50	
648584.344	3875931.5	265.630005	290.630005	240.630005	50	
648888.375	3875931.5	263.980003	283.480011	244.479996	39.0000153	
649192.406	3875931.5	261.940002	281.940002	241.940002	40	
649496.469	3875931.5	255.660004	278.160004	233.160004	45	
649800.5	3875931.5	249.450005	273.450012	225.449997	48.0000153	
650104.531	3875931.5	246.690002	273.690002	219.690002	54	
650408.594	3875931.5	245.339996	273.839996	216.839996	57	
650712.625	3875931.5	245.899994	274.399994	217.399994	57	
651016.656	3875931.5	249.700005	277.200012	222.199997	55.0000153	
651320.719	3875931.5	240.540001	265.540009	215.539993	50.0000153	
651624.75	3875931.5	220.320007	245.320007	195.320007	50	
651928.875	3875931.5	238.149994	263.149994	213.149994	50	
646152.031	3875553	243.130005	268.130005	218.130005	50	
646456.063	3875553	243.519997	268.519989	218.520004	49.9999847	
646760.094	3875553	250.019997	275.019989	225.020004	49.9999847	
647064.156	3875553	250.489998	275.48999	225.490005	49.9999847	
647368.188	3875553	252.390007	277.390015	227.389999	50.0000153	
647672.219	3875553	258.640007	283.640015	233.639999	50.0000153	
647976.25	3875553	264.049995	289.049988	239.050003	49.9999847	
648280.281	3875553	268.670006	293.670013	243.669998	50.0000153	
648584.344	3875553	267.109993	290.019989	244.199997	45.8199921	
648888.375	3875553	268.899994	290.399994	247.399994	43	
649192.406	3875553	266.859993	289.859985	243.860001	45.9999847	
649496.469	3875553	259.600006	283.600006	235.600006	48	
649800.5	3875553	253.339996	278.339996	228.339996	50	
650104.531	3875553	250.470001	277.970001	222.970001	55	
650408.594	3875553	249.959999	279.459991	220.460007	58.9999847	
650712.625	3875553	250.320007	279.320007	221.320007	58	
651016.656	3875553	253.369995	280.369995	226.369995	54	
651320.719	3875553	260.709999	285.709991	235.710007	49.9999847	
651624.75	3875553	245.190002	270.190002	220.190002	50	
651928.875	3875553	249.899994	274.899994	224.899994	50	
646152.031	3875174.38	246.640007	271.640015	221.639999	50.0000153	
646456.063	3875174.38	240.850006	265.850006	215.850006	50	
646760.094	3875174.38	255.959999	280.959991	230.960007	49.9999847	
647064.156	3875174.38	256.720001	281.720001	231.720001	50	
647368.188	3875174.38	261.470001	286.470001	236.470001	50	
647672.219	3875174.38	266.519997	291.519989	241.520004	49.9999847	
647976.25	3875174.38	268.320007	293.320007	243.320007	50	
648280.281	3875174.38	278	303	253	50	
648584.344	3875174.38	276.450012	295.450012	257.450012	38	
648888.375	3875174.38	273.600006	294.100006	253.100006	41	
649192.406	3875174.38	268.760002	291.76001	245.759995	46.0000153	
649496.469	3875174.38	263.390007	288.390015	238.389999	50.0000153	
649800.5	3875174.38	256.950005	281.950012	231.949997	50.0000153	
650104.531	3875174.38	252.279999	277.279999	227.279999	50	
650408.594	3875174.38	252.809998	280.309998	225.309998	55	
650712.625	3875174.38	255.540001	284.540009	226.539993	58.0000153	
651016.656	3875174.38	256.760002	281.76001	231.759995	50.0000153	
651320.719	3875174.38	266.019997	291.019989	241.020004	49.9999847	
651624.75	3875174.38	263.279999	288.279999	238.279999	50	
651928.875	3875174.38	248.489998	273.48999	223.490005	49.9999847	
646152.031	3874795.75	247.690002	272.690002	222.690002	50	
646456.063	3874795.75	241.660004	266.660004	216.660004	50	
646760.094	3874795.75	257.920006	282.920013	232.919998	50.0000153	
647064.156	3874795.75	261.760002	286.76001	236.759995	50.0000153	
647368.188	3874795.75	267.220001	292.220001	242.220001	50	
647672.219	3874795.75	277.070007	302.070007	252.070007	50	
647976.25	3874795.75	278.309998	303.309998	253.309998	50	
648280.281	3874795.75	277.920013	296.420013	259.420013	37	
648584.344	3874795.75	277.209991	296.209991	258.209991	38	
648888.375	3874795.75	273.690002	295.690002	251.690002	44	
649192.406	3874795.75	269.790001	291.790009	247.789993	44.0000153	
649496.469	3874795.75	266.130005	290.630005	241.630005	49	
649800.5	3874795.75	261.320007	286.320007	236.320007	50	
650104.531	3874795.75	259.119995	285.619995	232.619995	53	
650408.594	3874795.75	257.869995	284.369995	231.369995	53	
650712.625	3874795.75	260.529999	288.029999	233.029999	55	
651016.656	3874795.75	263.279999	288.279999	238.279999	50	
651320.719	3874795.75	272.160004	297.160004	247.160004	50	
651624.75	3874795.75	267.010002	292.01001	242.009995	50.0000153	
651928.875	3874795.75	266.940002	291.940002	241.940002	50	
646152.031	3874417.25	255.899994	280.899994	230.899994	50	
646456.063	3874417.25	246.859993	271.859985	221.860001	49.9999847	
646760.094	3874417.25	259.809998	284.809998	234.809998	50	
647064.156	3874417.25	267.649994	292.649994	242.649994	50	
647368.188	3874417.25	275.019997	300.019989	250.020004	49.9999847	
647672.219	3874417.25	281.290009	306.290009	256.290009	50	
647976.25	3874417.25	280.850006	299.850006	261.850006	38	
648280.281	3874417.25	280.309998	299.309998	261.309998	38	
648584.344	3874417.25	278.170013	298.170013	258.170013	40	
648888.375	3874417.25	275.279999	295.779999	254.779999	41	
649192.406	3874417.25	271.079994	292.079987	250.080002	41.9999847	
649496.469	3874417.25	267.899994	290.399994	245.399994	45	
649800.5	3874417.25	266.489998	291.48999	241.490005	49.9999847	
650104.531	3874417.25	265.240005	291.480011	239	52.480011	
650408.594	3874417.25	264.140007	289.640015	238.639999	51.0000153	
650712.625	3874417.25	266.739998	292.73999	240.740005	51.9999847	
651016.656	3874417.25	270.869995	295.869995	245.869995	50	
651320.719	3874417.25	277.959999	302.959991	252.960007	49.9999847	
651624.75	3874417.25	269.829994	294.829987	244.830002	49.9999847	
651928.875	3874417.25	273.140007	298.140015	248.139999	50.0000153	
646152.031	3874038.75	266.390007	291.390015	241.389999	50.0000153	
646456.063	3874038.75	256.829994	281.829987	231.830002	49.9999847	
646760.094	3874038.75	265.230003	290.230011	240.229996	50.0000153	
647064.156	3874038.75	269.220001	294.220001	244.220001	50	
647368.188	3874038.75	279.829994	304.829987	254.830002	49.9999847	
647672.219	3874038.75	283.640015	308.640015	258.640015	50	
647976.25	3874038.75	281.869995	303.369995	260.369995	43	
648280.281	3874038.75	281.160004	302.160004	260.160004	42	
648584.344	3874038.75	280.51001	302.51001	258.51001	44	
648888.375	3874038.75	278.350006	300.850006	255.850006	45	
649192.406	3874038.75	275.239998	297.73999	252.740005	44.9999847	
649496.469	3874038.75	272.25	294.75	249.75	45	
649800.5	3874038.75	268.959999	290.459991	247.460007	42.9999847	
650104.531	3874038.75	267.359993	288.359985	246.360001	41.9999847	
650408.594	3874038.75	268.470001	289.970001	246.970001	43	
650712.625	3874038.75	271.029999	292.529999	249.529999	43	
651016.656	3874038.75	274.899994	295.399994	254.399994	41	
651320.719	3874038.75	277.790001	300.290009	255.289993	45.0000153	
651624.75	3874038.75	276.579994	301.579987	251.580002	49.9999847	
651928.875	3874038.75	276.730003	301.730011	251.729996	50.0000153	
646152.031	3873660.13	264.769997	289.769989	239.770004	49.9999847	
646456.063	3873660.13	270.600006	295.600006	245.600006	50	
646760.094	3873660.13	274.369995	299.369995	249.369995	50	
647064.156	3873660.13	278.579994	303.579987	253.580002	49.9999847	
647368.188	3873660.13	281.75	306.75	256.75	50	
647672.219	3873660.13	282.730011	306.730011	258.730011	48	
647976.25	3873660.13	283.119995	306.619995	259.619995	47	
648280.281	3873660.13	283.480011	307.480011	259.480011	48	
648584.344	3873660.13	282.089996	305.589996	258.589996	47	
648888.375	3873660.13	280.25	303.25	257.25	46	
649192.406	3873660.13	278.299995	300.799988	255.800003	44.9999847	
649496.469	3873660.13	275.630005	296.630005	254.630005	42	
649800.5	3873660.13	274.589996	295.089996	254.089996	41	
650104.531	3873660.13	275.489998	296.48999	254.490005	41.9999847	
650408.594	3873660.13	276.119995	296.119995	256.119995	40	
650712.625	3873660.13	278.079987	297.079987	259.079987	38	
651016.656	3873660.13	280.320007	299.820007	260.820007	39	
651320.719	3873660.13	284.179993	309.179993	259.179993	50	
651624.75	3873660.13	281.290009	306.290009	256.290009	50	
651928.875	3873660.13	282.25	307.25	257.25	50	
646152.031	3873281.5	263.809998	288.809998	238.809998	50	
646456.063	3873281.5	283.25	308.25	258.25	50	
646760.094	3873281.5	283.220001	308.220001	258.220001	50	
647064.156	3873281.5	286.480011	311.480011	261.480011	50	
647368.188	3873281.5	285.790009	310.790009	260.790009	50	
647672.219	3873281.5	284.790009	309.290009	260.290009	49	
647976.25	3873281.5	285.369995	310.869995	259.869995	51	
648280.281	3873281.5	285.98999	312.48999	259.48999	53	
648584.344	3873281.5	285.709991	312.209991	259.209991	53	
648888.375	3873281.5	283.630005	308.130005	259.130005	49	
649192.406	3873281.5	282.380005	305.380005	259.380005	46	
649496.469	3873281.5	280.089996	300.089996	260.089996	40	
649800.5	3873281.5	279.390015	297.390015	261.390015	36	
650104.531	3873281.5	279.350006	295.350006	263.350006	32	
650408.594	3873281.5	281.190002	298.690002	263.690002	35	
650712.625	3873281.5	285.095001	301.890015	268.299988	33.5900269	
651016.656	3873281.5	292.970001	317.970001	267.970001	50	
651320.719	3873281.5	289.339996	314.339996	264.339996	50	
651624.75	3873281.5	291.920013	316.920013	266.920013	50	
651928.875	3873281.5	286.410004	311.410004	261.410004	50	
646152.031	3872903	274.119995	299.119995	249.119995	50	
646456.063	3872903	282.5	307.5	257.5	50	
646760.094	3872903	296.98999	321.98999	271.98999	50	
647064.156	3872903	298.079987	323.079987	273.079987	50	
647368.188	3872903	292.579987	317.579987	267.579987	50	
647672.219	3872903	287.369995	310.869995	263.869995	47	
647976.25	3872903	286.579987	311.579987	261.579987	50	
648280.281	3872903	285.609985	310.609985	260.609985	50	
648584.344	3872903	285.220001	309.720001	260.720001	49	
648888.375	3872903	284.799988	307.799988	261.799988	46	
649192.406	3872903	283.730011	303.730011	263.730011	40	
649496.469	3872903	283.350006	300.350006	266.350006	34	
649800.5	3872903	284.540009	299.540009	269.540009	30	
650104.531	3872903	287.079987	301.079987	273.079987	28	
650408.594	3872903	290.230011	303.730011	276.730011	27	
650712.625	3872903	303.329987	328.329987	278.329987	50	
651016.656	3872903	299.559998	324.559998	274.559998	50	
651320.719	3872903	297.73999	322.73999	272.73999	50	
651624.75	3872903	296.679993	321.679993	271.679993	50	
651928.875	3872903	292.779999	317.779999	267.779999	50	
646152.031	3872524.5	288.209991	313.209991	263.209991	50	
646456.063	3872524.5	278.390007	303.390015	253.389999	50.0000153	
646760.094	3872524.5	297.700012	322.700012	272.700012	50	
647064.156	3872524.5	312.5	337.5	287.5	50	
647368.188	3872524.5	294.229996	311.929993	276.529999	35.3999939	
647672.219	3872524.5	290.100006	311.100006	269.100006	42	
647976.25	3872524.5	288.579987	312.579987	264.579987	48	
648280.281	3872524.5	287.73999	312.73999	262.73999	50	
648584.344	3872524.5	288.070007	313.070007	263.070007	50	
648888.375	3872524.5	287.730011	310.230011	265.230011	45	
649192.406	3872524.5	287.799988	306.799988	268.799988	38	
649496.469	3872524.5	288.339996	303.339996	273.339996	30	
649800.5	3872524.5	289.779999	301.279999	278.279999	23	
650104.531	3872524.5	294.019989	304.519989	283.519989	21	
650408.594	3872524.5	312.320007	337.320007	287.320007	50	
650712.625	3872524.5	313.529999	338.529999	288.529999	50	
651016.656	3872524.5	311.26001	336.26001	286.26001	50	
651320.719	3872524.5	307.26001	332.26001	282.26001	50	
651624.75	3872524.5	310.170013	335.170013	285.170013	50	
651928.875	3872524.5	289.51001	314.51001	264.51001	50	
646152.031	3872146	295.119995	320.119995	270.119995	50	
646456.063	3872146	294.799988	319.799988	269.799988	50	
646760.094	3872146	290.470001	315.470001	265.470001	50	
647064.156	3872146	298.859985	323.859985	273.859985	50	
647368.188	3872146	301.660004	316.910004	286.410004	30.5	
647672.219	3872146	295.450012	314.950012	275.950012	39	
647976.25	3872146	292.899994	316.899994	268.899994	48	
648280.281	3872146	291.98999	317.98999	265.98999	52	
648584.344	3872146	291.399994	316.399994	266.399994	50	
648888.375	3872146	292.070007	314.570007	269.570007	45	
649192.406	3872146	292.76001	310.76001	274.76001	36	
649496.469	3872146	295.220001	309.220001	281.220001	28	
649800.5	3872146	313.179993	338.179993	288.179993	50	
650104.531	3872146	318.459991	343.459991	293.459991	50	
650408.594	3872146	325.179993	350.179993	300.179993	50	
650712.625	3872146	324.399994	349.399994	299.399994	50	
651016.656	3872146	319.940002	344.940002	294.940002	50	
651320.719	3872146	322.709991	347.709991	297.709991	50	
651624.75	3872146	316.040009	341.040009	291.040009	50	
651928.875	3872146	277.459999	302.459991	252.460007	49.9999847	
646152.031	3871767.38	310.619995	335.619995	285.619995	50	
646456.063	3871767.38	306.940002	331.940002	281.940002	50	
646760.094	3871767.38	304.290009	329.290009	279.290009	50	
647064.156	3871767.38	309.5	334.5	284.5	50	
647368.188	3871767.38	304.209991	321.709991	286.709991	35	
647672.219	3871767.38	302.420013	320.420013	284.420013	36	
647976.25	3871767.38	296.589996	318.589996	274.589996	44	
648280.281	3871767.38	294.959991	319.459991	270.459991	49	
648584.344	3871767.38	293.399994	315.899994	270.899994	45	
648888.375	3871767.38	294.549988	314.049988	275.049988	39	
649192.406	3871767.38	298.839996	315.839996	281.839996	34	
649496.469	3871767.38	303.220001	316.220001	290.220001	26	
649800.5	3871767.38	307.290009	317.790009	296.790009	21	
650104.531	3871767.38	311.160004	319.160004	303.160004	16	
650408.594	3871767.38	334.519989	359.519989	309.519989	50	
650712.625	3871767.38	337.670013	362.670013	312.670013	50	
651016.656	3871767.38	332.910004	357.910004	307.910004	50	
651320.719	3871767.38	333.859985	358.859985	308.859985	50	
651624.75	3871767.38	320.350006	345.350006	295.350006	50	
651928.875	3871767.38	270.609993	295.609985	245.610001	49.9999847	
646152.031	3871388.75	321.119995	346.119995	296.119995	50	
646456.063	3871388.75	314.559998	339.559998	289.559998	50	
646760.094	3871388.75	314.579987	339.579987	289.579987	50	
647064.156	3871388.75	310.420013	328.420013	292.420013	36	
647368.188	3871388.75	309.380005	326.380005	292.380005	34	
647672.219	3871388.75	308.480011	323.980011	292.980011	31	
647976.25	3871388.75	301.910004	322.410004	281.410004	41	
648280.281	3871388.75	298.089996	320.089996	276.089996	44	
648584.344	3871388.75	298.079987	319.579987	276.579987	43	
648888.375	3871388.75	300.269989	318.769989	281.769989	37	
649192.406	3871388.75	303.26001	316.26001	290.26001	26	
649496.469	3871388.75	309.140015	317.640015	300.640015	17	
649800.5	3871388.75	310.269989	319.269989	301.269989	18	
650104.531	3871388.75	312.709991	320.209991	305.209991	15	
650408.594	3871388.75	316.579987	322.079987	311.079987	11	
650712.625	3871388.75	321.309998	324.309998	318.309998	6	
651016.656	3871388.75	321.470001	326.470001	316.470001	10	
651320.719	3871388.75	322.959991	327.459991	318.459991	9	
651624.75	3871388.75	324.799988	349.799988	299.799988	50	
651928.875	3871388.75	287.399994	312.399994	262.399994	50	
646152.031	3871010.25	336.799988	361.799988	311.799988	50	
646456.063	3871010.25	334.160004	359.160004	309.160004	50	
646760.094	3871010.25	327.619995	352.619995	302.619995	50	
647064.156	3871010.25	316.179993	334.179993	298.179993	36	
647368.188	3871010.25	312.839996	329.339996	296.339996	33	
647672.219	3871010.25	312.579987	326.579987	298.579987	28	
647976.25	3871010.25	306.859985	324.859985	288.859985	36	
648280.281	3871010.25	303.029999	323.529999	282.529999	41	
648584.344	3871010.25	302.730011	322.230011	283.230011	39	
648888.375	3871010.25	305.649994	321.649994	289.649994	32	
649192.406	3871010.25	310.01001	320.01001	300.01001	20	
649496.469	3871010.25	312.690002	321.690002	303.690002	18	
649800.5	3871010.25	314.25	323.75	304.75	19	
650104.531	3871010.25	315.390015	325.390015	305.390015	20	
650408.594	3871010.25	317.470001	326.470001	308.470001	18	
650712.625	3871010.25	318.920013	329.920013	307.920013	22	
651016.656	3871010.25	319.700012	331.200012	308.200012	23	
651320.719	3871010.25	322.220001	333.220001	311.220001	22	
651624.75	3871010.25	313.670013	334.170013	293.170013	41	
651928.875	3871010.25	304.709991	329.709991	279.709991	50	
646152.031	3870631.75	359.820007	384.820007	334.820007	50	
646456.063	3870631.75	348.470001	373.470001	323.470001	50	
646760.094	3870631.75	336.769989	361.769989	311.769989	50	
647064.156	3870631.75	321.709991	339.209991	304.209991	35	
647368.188	3870631.75	320.209991	335.709991	304.709991	31	
647672.219	3870631.75	319.25	331.25	307.25	24	
647976.25	3870631.75	312.570007	328.570007	296.570007	32	
648280.281	3870631.75	308.040009	326.540009	289.540009	37	
648584.344	3870631.75	308.320007	325.820007	290.820007	35	
648888.375	3870631.75	312.75	326.75	298.75	28	
649192.406	3870631.75	317.630005	327.130005	308.130005	19	
649496.469	3870631.75	320.660004	330.660004	310.660004	20	
649800.5	3870631.75	326.440002	333.940002	318.940002	15	
650104.531	3870631.75	323.140015	334.640015	311.640015	23	
650408.594	3870631.75	322.959991	335.959991	309.959991	26	
650712.625	3870631.75	324.459991	337.459991	311.459991	26	
651016.656	3870631.75	324.649994	338.149994	311.149994	27	
651320.719	3870631.75	325.98999	339.48999	312.48999	27	
651624.75	3870631.75	318.01001	341.01001	295.01001	46	
651928.875	3870631.75	330.459991	355.459991	305.459991	50	
646152.031	3870253.25	372.049988	397.049988	347.049988	50	
646456.063	3870253.25	358.690002	383.690002	333.690002	50	
646760.094	3870253.25	333.26001	347.26001	319.26001	28	
647064.156	3870253.25	326.769989	343.769989	309.769989	34	
647368.188	3870253.25	326.660004	339.660004	313.660004	26	
647672.219	3870253.25	324.380005	334.880005	313.880005	21	
647976.25	3870253.25	317.799988	331.799988	303.799988	28	
648280.281	3870253.25	313.079987	329.579987	296.579987	33	
648584.344	3870253.25	314.880005	330.880005	298.880005	32	
648888.375	3870253.25	320.730011	332.730011	308.730011	24	
649192.406	3870253.25	324.339996	334.339996	314.339996	20	
649496.469	3870253.25	327.390015	338.890015	315.890015	23	
649800.5	3870253.25	332.109985	342.609985	321.609985	21	
650104.531	3870253.25	332.660004	346.660004	318.660004	28	
650408.594	3870253.25	334.690002	347.190002	322.190002	25	
650712.625	3870253.25	334.48999	347.98999	320.98999	27	
651016.656	3870253.25	332.619995	344.119995	321.119995	23	
651320.719	3870253.25	335.079987	346.079987	324.079987	22	
651624.75	3870253.25	326.029999	346.029999	306.029999	40	
651928.875	3870253.25	332.670013	347.170013	318.170013	29	
646152.031	3869874.63	382.359985	407.359985	357.359985	50	
646456.063	3869874.63	371.589996	396.589996	346.589996	50	
646760.094	3869874.63	339.730011	352.230011	327.230011	25	
647064.156	3869874.63	332.100006	348.100006	316.100006	32	
647368.188	3869874.63	333.809998	344.809998	322.809998	22	
647672.219	3869874.63	331.709991	342.709991	320.709991	22	
647976.25	3869874.63	325.079987	340.579987	309.579987	31	
648280.281	3869874.63	321.470001	339.970001	302.970001	37	
648584.344	3869874.63	323.399994	339.899994	306.899994	33	
648888.375	3869874.63	329.799988	340.299988	319.299988	21	
649192.406	3869874.63	334.779999	345.279999	324.279999	21	
649496.469	3869874.63	338.850006	350.850006	326.850006	24	
649800.5	3869874.63	341.890015	355.890015	327.890015	28	
650104.531	3869874.63	344.450012	359.450012	329.450012	30	
650408.594	3869874.63	345.720001	355.720001	335.720001	20	
650712.625	3869874.63	346.910004	354.410004	339.410004	15	
651016.656	3869874.63	344.559998	353.559998	335.559998	18	
651320.719	3869874.63	347.299988	354.799988	339.799988	15	
651624.75	3869874.63	339.850006	353.350006	326.350006	27	
651928.875	3869874.63	340.660004	353.660004	327.660004	26	
646152.031	3869496	386.5	411.5	361.5	50	
646456.063	3869496	371.910004	396.910004	346.910004	50	
646760.094	3869496	343.190002	357.690002	328.690002	29	
647064.156	3869496	337.950012	354.450012	321.450012	33	
647368.188	3869496	338.600006	351.100006	326.100006	25	
647672.219	3869496	339.570007	349.070007	330.070007	19	
647976.25	3869496	331.390015	349.890015	312.890015	37	
648280.281	3869496	328.290009	348.790009	307.790009	41	
648584.344	3869496	332.369995	350.369995	314.369995	36	
648888.375	3869496	341.130005	352.130005	330.130005	22	
649192.406	3869496	343.519989	354.019989	333.019989	21	
649496.469	3869496	348.01001	360.51001	335.51001	25	
649800.5	3869496	351.98999	367.48999	336.48999	31	
650104.531	3869496	358.700012	372.200012	345.200012	27	
650408.594	3869496	359.959991	368.959991	350.959991	18	
650712.625	3869496	355.459991	363.459991	347.459991	16	
651016.656	3869496	354.720001	362.720001	346.720001	16	
651320.719	3869496	351.670013	360.170013	343.170013	17	
651624.75	3869496	345.369995	359.369995	331.369995	28	
651928.875	3869496	343.559998	360.059998	327.059998	33	
646152.031	3869117.5	381.880005	406.880005	356.880005	50	
646456.063	3869117.5	355.720001	364.220001	347.220001	17	
646760.094	3869117.5	346.079987	360.079987	332.079987	28	
647064.156	3869117.5	344.48999	358.48999	330.48999	28	
647368.188	3869117.5	343.980011	356.480011	331.480011	25	
647672.219	3869117.5	343.390015	355.390015	331.390015	24	
647976.25	3869117.5	333.75	354.75	312.75	42	
648280.281	3869117.5	332.23999	354.23999	310.23999	44	
648584.344	3869117.5	337.850006	355.350006	320.350006	35	
648888.375	3869117.5	349.299988	358.299988	340.299988	18	
649192.406	3869117.5	353.299988	362.299988	344.299988	18	
649496.469	3869117.5	358.559998	370.559998	346.559998	24	
649800.5	3869117.5	359.119995	377.119995	341.119995	36	
650104.531	3869117.5	370.980011	383.980011	357.980011	26	
650408.594	3869117.5	369.179993	375.679993	362.679993	13	
650712.625	3869117.5	363.350006	372.850006	353.850006	19	
651016.656	3869117.5	363.980011	370.480011	357.480011	13	
651320.719	3869117.5	361.26001	368.26001	354.26001	14	
651624.75	3869117.5	354.100006	367.100006	341.100006	26	
651928.875	3869117.5	344.230011	366.230011	322.230011	44	
646152.031	3868739	372.070007	397.070007	347.070007	50	
646456.063	3868739	355.429993	370.429993	340.429993	30	
646760.094	3868739	353.679993	367.179993	340.179993	27	
647064.156	3868739	351.98999	364.48999	339.48999	25	
647368.188	3868739	350.839996	362.339996	339.339996	23	
647672.219	3868739	342.920013	361.920013	323.920013	38	
647976.25	3868739	334.040009	360.040009	308.040009	52	
648280.281	3868739	334.839996	360.339996	309.339996	51	
648584.344	3868739	343.450012	362.950012	323.950012	39	
648888.375	3868739	357.049988	365.049988	349.049988	16	
649192.406	3868739	367.670013	371.670013	363.670013	8	
649496.469	3868739	369.529999	377.029999	362.029999	15	
649800.5	3868739	371.029999	384.029999	358.029999	26	
650104.531	3868739	371.940002	388.440002	355.440002	33	
650408.594	3868739	374.140015	384.640015	363.640015	21	
650712.625	3868739	374.320007	382.820007	365.820007	17	
651016.656	3868739	373.26001	379.26001	367.26001	12	
651320.719	3868739	372	377	367	10	
651624.75	3868739	365.829987	374.329987	357.329987	17	
651928.875	3868739	356.339996	373.839996	338.839996	35	
646152.031	3868360.5	362.799988	378.799988	346.799988	32	
646456.063	3868360.5	360.049988	374.049988	346.049988	28	
646760.094	3868360.5	358.399994	371.399994	345.399994	26	
647064.156	3868360.5	358.23999	368.73999	347.73999	21	
647368.188	3868360.5	353.48999	366.48999	340.48999	26	
647672.219	3868360.5	337.670013	366.670013	308.670013	58	
647976.25	3868360.5	331.309998	365.809998	296.809998	69	
648280.281	3868360.5	334.220001	365.220001	303.220001	62	
648584.344	3868360.5	346.299988	368.799988	323.799988	45	
648888.375	3868360.5	364.23999	373.23999	355.23999	18	
649192.406	3868360.5	366.660004	381.660004	351.660004	30	
649496.469	3868360.5	381.420013	388.920013	373.920013	15	
649800.5	3868360.5	382.089996	393.589996	370.589996	23	
650104.531	3868360.5	380.609985	397.609985	363.609985	34	
650408.594	3868360.5	384.23999	396.73999	371.73999	25	
650712.625	3868360.5	388.179993	393.179993	383.179993	10	
651016.656	3868360.5	385.450012	390.450012	380.450012	10	
651320.719	3868360.5	378.369995	385.869995	370.869995	15	
651624.75	3868360.5	373.119995	380.619995	365.619995	15	
651928.875	3868360.5	365.700012	379.700012	351.700012	28	
646152.031	3867981.88	367.98999	384.48999	351.48999	33	
646456.063	3867981.88	367.209991	379.209991	355.209991	24	
646760.094	3867981.88	365.309998	375.309998	355.309998	20	
647064.156	3867981.88	365.23999	372.73999	357.73999	15	
647368.188	3867981.88	341.019989	371.519989	310.519989	61	
647672.219	3867981.88	327.019989	370.519989	283.519989	87	
647976.25	3867981.88	323.98999	370.48999	277.48999	93	
648280.281	3867981.88	331.570007	372.570007	290.570007	82	
648584.344	3867981.88	346.869995	375.369995	318.369995	57	
648888.375	3867981.88	369.880005	382.380005	357.380005	25	
649192.406	3867981.88	388.670013	393.670013	383.670013	10	
649496.469	3867981.88	394.410004	400.910004	387.910004	13	
649800.5	3867981.88	396.730011	406.230011	387.230011	19	
650104.531	3867981.88	398.25	409.75	386.75	23	
650408.594	3867981.88	395.309998	412.309998	378.309998	34	
650712.625	3867981.88	400.5	409	392	17	
651016.656	3867981.88	401.540009	405.540009	397.540009	8	
651320.719	3867981.88	393.040009	397.040009	389.040009	8	
651624.75	3867981.88	380.940002	389.940002	371.940002	18	
651928.875	3867981.88	361.549988	386.049988	337.049988	49	
646152.031	3867603.25	372.670013	387.170013	358.170013	29	
646456.063	3867603.25	373.350006	383.850006	362.850006	21	
646760.094	3867603.25	371.940002	380.440002	363.440002	17	
647064.156	3867603.25	346.589996	377.589996	315.589996	62	
647368.188	3867603.25	322.980011	377.480011	268.480011	109	
647672.219	3867603.25	312.429993	376.929993	247.929993	129	
647976.25	3867603.25	313.799995	378.299988	249.300003	128.999985	
648280.281	3867603.25	325.98999	381.48999	270.48999	111	
648584.344	3867603.25	346.75	386.75	306.75	80	
648888.375	3867603.25	374.5	394.5	354.5	40	
649192.406	3867603.25	394.130005	402.130005	386.130005	16	
649496.469	3867603.25	406.529999	410.529999	402.529999	8	
649800.5	3867603.25	411.679993	416.179993	407.179993	9	
650104.531	3867603.25	414.790009	421.290009	408.290009	13	
650408.594	3867603.25	407.329987	423.329987	391.329987	32	
650712.625	3867603.25	416.390015	425.390015	407.390015	18	
651016.656	3867603.25	415.980011	419.980011	411.980011	8	
651320.719	3867603.25	408.910004	409.410004	408.410004	1	
651624.75	3867603.25	386.570007	399.570007	373.570007	26	
651928.875	3867603.25	364.019989	394.019989	334.019989	60	
646152.031	3867287	377.350006	390.850006	363.850006	27	
646456.063	3867287	378.029999	387.029999	369.029999	18	
646760.094	3867287	378.059998	384.059998	372.059998	12	
647064.156	3867287	373.059998	382.559998	363.559998	19	
647368.188	3867287	361.399994	381.399994	341.399994	40	
647672.219	3867287	358.829987	383.829987	333.829987	50	
647976.25	3867287	362.679993	387.679993	337.679993	50	
648280.281	3867287	371.950012	392.450012	351.450012	41	
648584.344	3867287	386.660004	400.660004	372.660004	28	
648888.375	3867287	402.600006	405.600006	399.600006	6	
649192.406	3867287	406.76001	413.26001	400.26001	13	
649496.469	3867287	415.019989	420.019989	410.019989	10	
649800.5	3867287	419.850006	424.850006	414.850006	10	
650104.531	3867287	423.209991	430.709991	415.709991	15	
650408.594	3867287	419.700012	433.200012	406.200012	27	
650712.625	3867287	423.359985	432.859985	413.859985	19	
651016.656	3867287	418.190002	425.190002	411.190002	14	
651320.719	3867287	411.769989	415.769989	407.769989	8	
651624.75	3867287	393.420013	404.920013	381.920013	23	
651928.875	3867287	383.299988	399.299988	367.299988	32	
Layer 1
X	Y	Z	Top	Bot	Thick.	
646152.031	3881974.88	185.889999	186.389999	185.389999	1	
646456.063	3881974.88	137.539993	138.039993	137.039993	1	
646760.094	3881974.88	150.050003	150.550003	149.550003	1	
647064.156	3881974.88	174.32	181.899994	166.740005	15.1599884	
647368.188	3881974.88	208.365005	210.770004	205.960007	4.80999756	
647672.219	3881974.88	209.439995	212.979996	205.899994	7.08000183	
647976.25	3881974.88	212.889999	217.179993	208.600006	8.57998657	
648280.281	3881974.88	140.294998	170.559998	110.029999	60.5299988	
648584.344	3881974.88	134.797501	174.380005	95.2149963	79.1650085	
648888.375	3881974.88	120.526501	160.910004	80.1429977	80.7670059	
649192.406	3881974.88	108.429497	152.039993	64.8190002	87.220993	
649496.469	3881974.88	102.470499	155.699997	49.2410011	106.458996	
649800.5	3881974.88	97.7859993	162.169998	33.4020004	128.767998	
650104.531	3881974.88	97.729497	178.149994	17.309	160.840994	
650408.594	3881974.88	108.757164	216.570007	0.944320023	215.625687	
650712.625	3881974.88	101.629501	218.940002	-15.6809998	234.621002	
651016.656	3881974.88	95.9945011	224.580002	-32.5909996	257.171001	
651320.719	3881974.88	86.3494968	222.039993	-49.3409996	271.380993	
651624.75	3881974.88	80.2615013	222.330002	-61.8069992	284.137001	
651928.875	3881974.88	69.7884979	204.089996	-64.5130005	268.602997	
646152.031	3881590.13	186.509995	187.009995	186.009995	1	
646456.063	3881590.13	147.720001	148.220001	147.220001	1	
646760.094	3881590.13	146.690002	147.190002	146.190002	1	
647064.156	3881590.13	209.880005	215.410004	204.350006	11.0599976	
647368.188	3881590.13	207.435005	210.820007	204.050003	6.77000427	
647672.219	3881590.13	208.355003	212.389999	204.320007	8.06999207	
647976.25	3881590.13	212.005005	217.710007	206.300003	11.4100037	
648280.281	3881590.13	217.794998	222.669998	212.919998	9.75	
648584.344	3881590.13	179.860001	207.449997	152.270004	55.1799927	
648888.375	3881590.13	157.57	175.830002	139.309998	36.5200043	
649192.406	3881590.13	138.579998	152.119995	125.040001	27.0799942	
649496.469	3881590.13	128.599998	147.779999	109.419998	38.3600006	
649800.5	3881590.13	125.358501	158.360001	92.3570023	66.0029984	
650104.531	3881590.13	124.213001	174.610001	73.8160019	100.793999	
650408.594	3881590.13	124.726	195.860001	53.5919991	142.268002	
650712.625	3881590.13	110.130503	188.630005	31.6310005	156.999004	
651016.656	3881590.13	101.451949	195.309998	7.5939002	187.716097	
651320.719	3881590.13	102.911504	224.460007	-18.6369991	243.097006	
651624.75	3881590.13	99.3380013	246.050003	-47.3740005	293.424004	
651928.875	3881590.13	88.6049995	244.360001	-67.1500015	311.510002	
646152.031	3881231.25	185.389999	185.889999	184.889999	1	
646456.063	3881231.25	206.970001	207.470001	206.470001	1	
646760.094	3881231.25	167.389999	167.889999	166.889999	1	
647064.156	3881231.25	210.899994	215.899994	205.899994	10	
647368.188	3881231.25	208.210007	212.210007	204.210007	8	
647672.219	3881231.25	209.099998	213.539993	204.660004	8.87998962	
647976.25	3881231.25	212.295006	216.460007	208.130005	8.33000183	
648280.281	3881231.25	218.43	223.330002	213.529999	9.80000305	
648584.344	3881231.25	227.25	227.75	226.75	1	
648888.375	3881231.25	204.979996	205.479996	204.479996	1	
649192.406	3881231.25	163.270004	163.770004	162.770004	1	
649496.469	3881231.25	152.470001	152.970001	151.970001	1	
649800.5	3881231.25	155.5	156	155	1	
650104.531	3881231.25	157.889999	158.389999	157.389999	1	
650408.594	3881231.25	173.460007	173.960007	172.960007	1	
650712.625	3881231.25	189.184998	208.929993	169.440002	39.4899902	
651016.656	3881231.25	172.82	213.520004	132.119995	81.4000092	
651320.719	3881231.25	150.9035	217.479996	84.3270035	133.152992	
651624.75	3881231.25	127.185	229.75	24.6200008	205.129999	
651928.875	3881231.25	111.037994	262.48999	-40.4140015	302.903992	
646152.031	3880852.63	218.910004	219.410004	218.410004	1	
646456.063	3880852.63	221.580002	222.080002	221.080002	1	
646760.094	3880852.63	222.789993	223.289993	222.289993	1	
647064.156	3880852.63	207.529999	208.029999	207.029999	1	
647368.188	3880852.63	211.619995	216.619995	206.619995	10	
647672.219	3880852.63	211.949997	217.949997	205.949997	12	
647976.25	3880852.63	214.464996	219.149994	209.779999	9.36999512	
648280.281	3880852.63	218.610001	224.119995	213.100006	11.019989	
648584.344	3880852.63	223.730003	228.610001	218.850006	9.75999451	
648888.375	3880852.63	226.605003	232.070007	221.139999	10.9300079	
649192.406	3880852.63	211.210007	211.710007	210.710007	1	
649496.469	3880852.63	175.660004	176.160004	175.160004	1	
649800.5	3880852.63	165.139999	165.639999	164.639999	1	
650104.531	3880852.63	160.320007	160.820007	159.820007	1	
650408.594	3880852.63	163.850006	164.350006	163.350006	1	
650712.625	3880852.63	174.229996	174.729996	173.729996	1	
651016.656	3880852.63	174.599998	195.800003	153.399994	42.4000092	
651320.719	3880852.63	165.880001	217.360001	114.400002	102.959999	
651624.75	3880852.63	152.333	239.580002	65.0859985	174.494003	
651928.875	3880852.63	112.807052	228.050003	-2.43589997	230.485903	
646152.031	3880474	226.929993	227.429993	226.429993	1	
646456.063	3880474	239.559998	240.059998	239.059998	1	
646760.094	3880474	234.119995	234.619995	233.619995	1	
647064.156	3880474	228.410004	228.910004	227.910004	1	
647368.188	3880474	231.834999	233.490005	230.179993	3.31001282	
647672.219	3880474	216.470001	222.669998	210.270004	12.3999939	
647976.25	3880474	218.459999	226.660004	210.259995	16.4000092	
648280.281	3880474	220.07	227.429993	212.710007	14.719986	
648584.344	3880474	224.525002	231.139999	217.910004	13.2299957	
648888.375	3880474	229.315002	236.5	222.130005	14.3699951	
649192.406	3880474	233.190002	239.830002	226.550003	13.2799988	
649496.469	3880474	232.820007	233.320007	232.320007	1	
649800.5	3880474	207.619995	208.119995	207.119995	1	
650104.531	3880474	177.630005	178.130005	177.130005	1	
650408.594	3880474	166.419998	166.919998	165.919998	1	
650712.625	3880474	167.240005	167.740005	166.740005	1	
651016.656	3880474	175.25	176.279999	174.220001	2.05999756	
651320.719	3880474	164.970001	186.710007	143.229996	43.480011	
651624.75	3880474	147.034996	190.509995	103.559998	86.9499969	
651928.875	3880474	116.687496	199.929993	33.4449997	166.484993	
646152.031	3880095.5	246.739998	257	236.479996	20.5200043	
646456.063	3880095.5	252.809998	253.309998	252.309998	1	
646760.094	3880095.5	243.130005	243.630005	242.630005	1	
647064.156	3880095.5	241.169998	241.669998	240.669998	1	
647368.188	3880095.5	246.004997	249.860001	242.149994	7.71000671	
647672.219	3880095.5	240.875	243.009995	238.740005	4.26998901	
647976.25	3880095.5	226.014999	234.929993	217.100006	17.8299866	
648280.281	3880095.5	227.105003	235.300003	218.910004	16.3899994	
648584.344	3880095.5	228.57	236.529999	220.610001	15.9199982	
648888.375	3880095.5	230.574997	237.509995	223.639999	13.8699951	
649192.406	3880095.5	233.620003	240.880005	226.360001	14.5200043	
649496.469	3880095.5	236.900002	242.740005	231.059998	11.6800079	
649800.5	3880095.5	242.360001	249.360001	235.360001	14	
650104.531	3880095.5	197.479996	197.979996	196.979996	1	
650408.594	3880095.5	181.889999	182.389999	181.389999	1	
650712.625	3880095.5	175.309998	175.809998	174.809998	1	
651016.656	3880095.5	176.710007	177.210007	176.210007	1	
651320.719	3880095.5	171.704994	173.539993	169.869995	3.66999817	
651624.75	3880095.5	157.739998	176.440002	139.039993	37.4000092	
651928.875	3880095.5	126.411503	185.770004	67.0530014	118.717003	
646152.031	3879717	263.650002	283.339996	243.960007	39.3799896	
646456.063	3879717	267.559998	268.059998	267.059998	1	
646760.094	3879717	268.450012	268.950012	267.950012	1	
647064.156	3879717	256.309998	256.809998	255.809998	1	
647368.188	3879717	256.320007	257.670013	254.970001	2.70001221	
647672.219	3879717	252.845001	255.050003	250.639999	4.41000366	
647976.25	3879717	254.660004	261.570007	247.75	13.8200073	
648280.281	3879717	254.445007	262.76001	246.130005	16.6300049	
648584.344	3879717	233.425003	240.470001	226.380005	14.0899963	
648888.375	3879717	234.439995	241.759995	227.119995	14.6399994	
649192.406	3879717	236.440002	242	230.880005	11.1199951	
649496.469	3879717	240	245.860001	234.139999	11.7200012	
649800.5	3879717	242.644997	249	236.289993	12.7100067	
650104.531	3879717	246.149994	253.149994	239.149994	14	
650408.594	3879717	249.779999	255.779999	243.779999	12	
650712.625	3879717	191.240005	191.740005	190.740005	1	
651016.656	3879717	176.820007	177.320007	176.320007	1	
651320.719	3879717	175.960007	176.460007	175.460007	1	
651624.75	3879717	182.455002	194.330002	170.580002	23.75	
651928.875	3879717	143.661499	189.169998	98.1529999	91.0169983	
646152.031	3879338.5	278.405006	305.100006	251.710007	53.3899994	
646456.063	3879338.5	293.644989	298.23999	289.049988	9.19000244	
646760.094	3879338.5	283.949997	287.119995	280.779999	6.33999634	
647064.156	3879338.5	278.674988	283.609985	273.73999	9.86999512	
647368.188	3879338.5	274.269989	280.709991	267.829987	12.8800049	
647672.219	3879338.5	271.830002	280.570007	263.089996	17.480011	
647976.25	3879338.5	268.764999	278.190002	259.339996	18.8500061	
648280.281	3879338.5	264.340012	272.170013	256.51001	15.6600037	
648584.344	3879338.5	259.409996	264.429993	254.389999	10.0399933	
648888.375	3879338.5	255.769997	258.779999	252.759995	6.02000427	
649192.406	3879338.5	243.059998	250.059998	236.059998	14	
649496.469	3879338.5	242.975006	250.100006	235.850006	14.25	
649800.5	3879338.5	244.435005	250.020004	238.850006	11.1699982	
650104.531	3879338.5	247.095001	252.25	241.940002	10.3099976	
650408.594	3879338.5	248.509995	252.429993	244.589996	7.83999634	
650712.625	3879338.5	250.200005	252.410004	247.990005	4.41999817	
651016.656	3879338.5	192.160004	192.660004	191.660004	1	
651320.719	3879338.5	186.009995	186.509995	185.509995	1	
651624.75	3879338.5	207.375	216.970001	197.779999	19.1900024	
651928.875	3879338.5	189.410004	252.240005	126.580002	125.660004	
646152.031	3878959.88	288.914993	318.059998	259.769989	58.2900085	
646456.063	3878959.88	303.324997	309.929993	296.720001	13.2099915	
646760.094	3878959.88	296.949997	303.109985	290.790009	12.3199768	
647064.156	3878959.88	293.714996	302.190002	285.23999	16.9500122	
647368.188	3878959.88	288.964996	297.850006	280.079987	17.7700195	
647672.219	3878959.88	284.964996	294.570007	275.359985	19.210022	
647976.25	3878959.88	278.850006	286.630005	271.070007	15.5599976	
648280.281	3878959.88	271.23999	275.23999	267.23999	8	
648584.344	3878959.88	265.009995	266.179993	263.839996	2.33999634	
648888.375	3878959.88	259.850006	260.350006	259.350006	1	
649192.406	3878959.88	255.869995	256.369995	255.369995	1	
649496.469	3878959.88	246.864998	253.830002	239.899994	13.9300079	
649800.5	3878959.88	246.404999	253.720001	239.089996	14.6300049	
650104.531	3878959.88	247.095001	252.839996	241.350006	11.4899902	
650408.594	3878959.88	249.800003	255.529999	244.070007	11.4599915	
650712.625	3878959.88	254.409996	259.859985	248.960007	10.8999786	
651016.656	3878959.88	219.75	220.25	219.25	1	
651320.719	3878959.88	188.75	189.25	188.25	1	
651624.75	3878959.88	215.990005	216.490005	215.490005	1	
651928.875	3878959.88	199.394997	246.199997	152.589996	93.6100006	
646152.031	3878581.25	284.395004	300.630005	268.160004	32.4700012	
646456.063	3878581.25	295.910004	296.410004	295.410004	1	
646760.094	3878581.25	297.940002	298.440002	297.440002	1	
647064.156	3878581.25	295.809998	296.549988	295.070007	1.47998047	
647368.188	3878581.25	290.209991	290.709991	289.709991	1	
647672.219	3878581.25	281.820007	282.320007	281.320007	1	
647976.25	3878581.25	277.480011	277.980011	276.980011	1	
648280.281	3878581.25	269.709991	270.209991	269.209991	1	
648584.344	3878581.25	263.779999	264.279999	263.279999	1	
648888.375	3878581.25	261.910004	262.410004	261.410004	1	
649192.406	3878581.25	262.470001	262.970001	261.970001	1	
649496.469	3878581.25	264.179993	267.329987	261.029999	6.29998779	
649800.5	3878581.25	253.485001	261.25	245.720001	15.5299988	
650104.531	3878581.25	253.215004	260.660004	245.770004	14.8899994	
650408.594	3878581.25	253.865005	261.630005	246.100006	15.5299988	
650712.625	3878581.25	255.720001	261.910004	249.529999	12.3800049	
651016.656	3878581.25	249.284996	251.789993	246.779999	5.00999451	
651320.719	3878581.25	196.949997	197.449997	196.449997	1	
651624.75	3878581.25	194.479996	194.979996	193.979996	1	
651928.875	3878581.25	189.404999	202.619995	176.190002	26.4299927	
646152.031	3878202.75	282.544998	288.190002	276.899994	11.2900085	
646456.063	3878202.75	286.950012	287.450012	286.450012	1	
646760.094	3878202.75	290.609985	291.109985	290.109985	1	
647064.156	3878202.75	287.100006	287.600006	286.600006	1	
647368.188	3878202.75	290.609985	291.109985	290.109985	1	
647672.219	3878202.75	283.190002	283.690002	282.690002	1	
647976.25	3878202.75	272.399994	272.899994	271.899994	1	
648280.281	3878202.75	269.059998	269.559998	268.559998	1	
648584.344	3878202.75	272.980011	273.480011	272.480011	1	
648888.375	3878202.75	270.26001	270.76001	269.76001	1	
649192.406	3878202.75	270.730011	271.230011	270.230011	1	
649496.469	3878202.75	268.12999	270.359985	265.899994	4.45999146	
649800.5	3878202.75	258.264999	266.880005	249.649994	17.230011	
650104.531	3878202.75	257.019997	265.799988	248.240005	17.5599823	
650408.594	3878202.75	258.239998	266.649994	249.830002	16.8199921	
650712.625	3878202.75	261.290009	269.230011	253.350006	15.8800049	
651016.656	3878202.75	238.169998	238.669998	237.669998	1	
651320.719	3878202.75	205.179993	205.679993	204.679993	1	
651624.75	3878202.75	189.009995	189.509995	188.509995	1	
651928.875	3878202.75	195.899994	196.399994	195.399994	1	
646152.031	3877824.25	276.410004	276.910004	275.910004	1	
646456.063	3877824.25	277.170013	277.670013	276.670013	1	
646760.094	3877824.25	281.25	281.75	280.75	1	
647064.156	3877824.25	286.98999	287.48999	286.48999	1	
647368.188	3877824.25	288.940002	289.440002	288.440002	1	
647672.219	3877824.25	282.049988	282.549988	281.549988	1	
647976.25	3877824.25	280	280.5	279.5	1	
648280.281	3877824.25	277.410004	277.910004	276.910004	1	
648584.344	3877824.25	275.480011	275.980011	274.980011	1	
648888.375	3877824.25	274.730011	275.230011	274.230011	1	
649192.406	3877824.25	272.410004	272.910004	271.910004	1	
649496.469	3877824.25	270.019989	270.519989	269.519989	1	
649800.5	3877824.25	262.284996	268.839996	255.729996	13.1100006	
650104.531	3877824.25	261.439995	269.179993	253.699997	15.4799957	
650408.594	3877824.25	262.215004	270.170013	254.259995	15.9100189	
650712.625	3877824.25	262.445007	268.420013	256.470001	11.9500122	
651016.656	3877824.25	250.449997	250.949997	249.949997	1	
651320.719	3877824.25	227.779999	228.279999	227.279999	1	
651624.75	3877824.25	198.990005	199.490005	198.490005	1	
651928.875	3877824.25	196.610001	197.110001	196.110001	1	
646152.031	3877445.75	271.399994	271.899994	270.899994	1	
646456.063	3877445.75	275.820007	276.320007	275.320007	1	
646760.094	3877445.75	286.149994	286.649994	285.649994	1	
647064.156	3877445.75	291.950012	292.450012	291.450012	1	
647368.188	3877445.75	293.350006	293.850006	292.850006	1	
647672.219	3877445.75	290.790009	291.290009	290.290009	1	
647976.25	3877445.75	288.420013	288.920013	287.920013	1	
648280.281	3877445.75	285.019989	285.519989	284.519989	1	
648584.344	3877445.75	281.160004	281.660004	280.660004	1	
648888.375	3877445.75	275.920013	276.420013	275.420013	1	
649192.406	3877445.75	274.320007	274.820007	273.820007	1	
649496.469	3877445.75	275.059998	276.720001	273.399994	3.32000732	
649800.5	3877445.75	266.565002	273.940002	259.190002	14.75	
650104.531	3877445.75	265.415009	272.320007	258.51001	13.8099976	
650408.594	3877445.75	265.860001	272.839996	258.880005	13.9599915	
650712.625	3877445.75	265.709991	273.209991	258.209991	15	
651016.656	3877445.75	269.48999	275.98999	262.98999	13	
651320.719	3877445.75	238.039993	238.539993	237.539993	1	
651624.75	3877445.75	207.729996	208.229996	207.229996	1	
651928.875	3877445.75	200.570007	201.070007	200.070007	1	
646152.031	3877067.13	270.390015	270.890015	269.890015	1	
646456.063	3877067.13	277.519989	278.019989	277.019989	1	
646760.094	3877067.13	284.950012	285.450012	284.450012	1	
647064.156	3877067.13	292.059998	292.559998	291.559998	1	
647368.188	3877067.13	297.369995	297.869995	296.869995	1	
647672.219	3877067.13	296.899994	297.399994	296.399994	1	
647976.25	3877067.13	293.660004	294.160004	293.160004	1	
648280.281	3877067.13	288.459991	288.959991	287.959991	1	
648584.344	3877067.13	285.320007	285.820007	284.820007	1	
648888.375	3877067.13	279.970001	280.470001	279.470001	1	
649192.406	3877067.13	279.600006	280.100006	279.100006	1	
649496.469	3877067.13	280.395004	284.540009	276.25	8.29000854	
649800.5	3877067.13	268.849991	275.459991	262.23999	13.2200012	
650104.531	3877067.13	266.884995	272.799988	260.970001	11.8299866	
650408.594	3877067.13	267.720001	275.299988	260.140015	15.1599731	
650712.625	3877067.13	268.299988	273.519989	263.079987	10.4400024	
651016.656	3877067.13	271.830002	277.350006	266.309998	11.0400085	
651320.719	3877067.13	266.339996	266.839996	265.839996	1	
651624.75	3877067.13	231.360001	231.860001	230.860001	1	
651928.875	3877067.13	217.960007	218.460007	217.460007	1	
646152.031	3876688.5	267.100006	267.600006	266.600006	1	
646456.063	3876688.5	273.089996	273.589996	272.589996	1	
646760.094	3876688.5	280.950012	281.450012	280.450012	1	
647064.156	3876688.5	285.98999	286.48999	285.48999	1	
647368.188	3876688.5	296.279999	296.779999	295.779999	1	
647672.219	3876688.5	294.98999	295.48999	294.48999	1	
647976.25	3876688.5	289.600006	290.100006	289.100006	1	
648280.281	3876688.5	289.109985	289.609985	288.609985	1	
648584.344	3876688.5	284.809998	285.309998	284.309998	1	
648888.375	3876688.5	284.890015	285.390015	284.390015	1	
649192.406	3876688.5	287.390015	287.890015	286.890015	1	
649496.469	3876688.5	284.964996	291.23999	278.690002	12.5499878	
649800.5	3876688.5	270.744995	275.399994	266.089996	9.30999756	
650104.531	3876688.5	268.410004	272.429993	264.390015	8.03997803	
650408.594	3876688.5	270.125	277.829987	262.420013	15.4099731	
650712.625	3876688.5	269.360001	274.170013	264.549988	9.62002563	
651016.656	3876688.5	273.585007	277.700012	269.470001	8.23001099	
651320.719	3876688.5	265.26001	265.76001	264.76001	1	
651624.75	3876688.5	241.490005	241.990005	240.990005	1	
651928.875	3876688.5	227.029999	227.529999	226.529999	1	
646152.031	3876310	260.339996	260.839996	259.839996	1	
646456.063	3876310	269.380005	269.880005	268.880005	1	
646760.094	3876310	273.790009	274.290009	273.290009	1	
647064.156	3876310	278.5	279	278	1	
647368.188	3876310	281.339996	281.839996	280.839996	1	
647672.219	3876310	282.429993	282.929993	281.929993	1	
647976.25	3876310	284.700012	285.200012	284.200012	1	
648280.281	3876310	288.420013	288.920013	287.920013	1	
648584.344	3876310	286.899994	287.399994	286.399994	1	
648888.375	3876310	284.140015	292.140015	276.140015	16	
649192.406	3876310	284.914993	293.970001	275.859985	18.1100159	
649496.469	3876310	284.105011	294.290009	273.920013	20.3699951	
649800.5	3876310	278.639999	287.170013	270.109985	17.0600281	
650104.531	3876310	276.309998	283.380005	269.23999	14.1400146	
650408.594	3876310	276.759995	284.279999	269.23999	15.0400085	
650712.625	3876310	278.360001	286.149994	270.570007	15.5799866	
651016.656	3876310	280.090012	287.170013	273.01001	14.1600037	
651320.719	3876310	278.580002	279.570007	277.589996	1.98001099	
651624.75	3876310	249.080002	249.580002	248.580002	1	
651928.875	3876310	227.020004	227.520004	226.520004	1	
646152.031	3875931.5	265.220001	265.720001	264.720001	1	
646456.063	3875931.5	268.049988	268.549988	267.549988	1	
646760.094	3875931.5	269.519989	270.019989	269.019989	1	
647064.156	3875931.5	269.75	270.25	269.25	1	
647368.188	3875931.5	274.170013	274.670013	273.670013	1	
647672.219	3875931.5	278.859985	279.359985	278.359985	1	
647976.25	3875931.5	285.959991	286.459991	285.459991	1	
648280.281	3875931.5	289.779999	290.279999	289.279999	1	
648584.344	3875931.5	291.130005	291.630005	290.630005	1	
648888.375	3875931.5	291.480011	299.480011	283.480011	16	
649192.406	3875931.5	291.115005	300.290009	281.940002	18.3500061	
649496.469	3875931.5	289.169998	300.179993	278.160004	22.019989	
649800.5	3875931.5	284.029999	294.609985	273.450012	21.1599731	
650104.531	3875931.5	281.889999	290.089996	273.690002	16.3999939	
650408.594	3875931.5	282.334991	290.829987	273.839996	16.9899902	
650712.625	3875931.5	282.175003	289.950012	274.399994	15.5500183	
651016.656	3875931.5	283.940002	290.679993	277.200012	13.4799805	
651320.719	3875931.5	266.040009	266.540009	265.540009	1	
651624.75	3875931.5	245.820007	246.320007	245.320007	1	
651928.875	3875931.5	263.649994	264.149994	263.149994	1	
646152.031	3875553	268.630005	269.130005	268.130005	1	
646456.063	3875553	270.48999	272.459991	268.519989	3.94000244	
646760.094	3875553	275.519989	276.019989	275.019989	1	
647064.156	3875553	275.98999	276.48999	275.48999	1	
647368.188	3875553	277.890015	278.390015	277.390015	1	
647672.219	3875553	284.140015	284.640015	283.640015	1	
647976.25	3875553	289.549988	290.049988	289.049988	1	
648280.281	3875553	294.170013	294.670013	293.670013	1	
648584.344	3875553	296.610001	303.200012	290.019989	13.1800232	
648888.375	3875553	296.899994	303.399994	290.399994	13	
649192.406	3875553	295.5	301.140015	289.859985	11.2800293	
649496.469	3875553	293.290009	302.980011	283.600006	19.3800049	
649800.5	3875553	290.169998	302	278.339996	23.6600037	
650104.531	3875553	287.029999	296.089996	277.970001	18.1199951	
650408.594	3875553	288.014999	296.570007	279.459991	17.1100159	
650712.625	3875553	286.345001	293.369995	279.320007	14.0499878	
651016.656	3875553	286.759995	293.149994	280.369995	12.7799988	
651320.719	3875553	287.659988	289.609985	285.709991	3.8999939	
651624.75	3875553	270.690002	271.190002	270.190002	1	
651928.875	3875553	275.399994	275.899994	274.899994	1	
646152.031	3875174.38	272.140015	272.640015	271.640015	1	
646456.063	3875174.38	269.854996	273.859985	265.850006	8.00997925	
646760.094	3875174.38	281.459991	281.959991	280.959991	1	
647064.156	3875174.38	282.220001	282.720001	281.720001	1	
647368.188	3875174.38	286.970001	287.470001	286.470001	1	
647672.219	3875174.38	292.019989	292.519989	291.519989	1	
647976.25	3875174.38	293.820007	294.320007	293.320007	1	
648280.281	3875174.38	303.5	304	303	1	
648584.344	3875174.38	301.950012	308.450012	295.450012	13	
648888.375	3875174.38	299.150009	304.200012	294.100006	10.1000061	
649192.406	3875174.38	297.380005	303	291.76001	11.2399902	
649496.469	3875174.38	295.665009	302.940002	288.390015	14.5499878	
649800.5	3875174.38	291.270004	300.589996	281.950012	18.6399841	
650104.531	3875174.38	288.839996	300.399994	277.279999	23.1199951	
650408.594	3875174.38	290.395004	300.480011	280.309998	20.1700134	
650712.625	3875174.38	292.139999	299.73999	284.540009	15.1999817	
651016.656	3875174.38	289.285004	296.809998	281.76001	15.0499878	
651320.719	3875174.38	293.369995	295.720001	291.019989	4.70001221	
651624.75	3875174.38	288.779999	289.279999	288.279999	1	
651928.875	3875174.38	273.98999	274.48999	273.48999	1	
646152.031	3874795.75	273.190002	273.690002	272.690002	1	
646456.063	3874795.75	273.550003	280.440002	266.660004	13.7799988	
646760.094	3874795.75	284.945007	286.970001	282.920013	4.04998779	
647064.156	3874795.75	287.26001	287.76001	286.76001	1	
647368.188	3874795.75	292.720001	293.220001	292.220001	1	
647672.219	3874795.75	302.570007	303.070007	302.070007	1	
647976.25	3874795.75	303.809998	304.309998	303.309998	1	
648280.281	3874795.75	303.420013	310.420013	296.420013	14	
648584.344	3874795.75	302.709991	309.209991	296.209991	13	
648888.375	3874795.75	302.690002	309.690002	295.690002	14	
649192.406	3874795.75	300.505005	309.220001	291.790009	17.4299927	
649496.469	3874795.75	298.949997	307.269989	290.630005	16.6399841	
649800.5	3874795.75	295.130005	303.940002	286.320007	17.6199951	
650104.531	3874795.75	294.955002	304.290009	285.619995	18.6700134	
650408.594	3874795.75	294.429993	304.48999	284.369995	20.1199951	
650712.625	3874795.75	296.919998	305.809998	288.029999	17.7799988	
651016.656	3874795.75	294.154999	300.029999	288.279999	11.75	
651320.719	3874795.75	299.050003	300.940002	297.160004	3.77999878	
651624.75	3874795.75	292.51001	293.01001	292.01001	1	
651928.875	3874795.75	292.440002	292.940002	291.940002	1	
646152.031	3874417.25	281.399994	281.899994	280.899994	1	
646456.063	3874417.25	277.844986	283.829987	271.859985	11.9700012	
646760.094	3874417.25	286.154999	287.5	284.809998	2.69000244	
647064.156	3874417.25	293.149994	293.649994	292.649994	1	
647368.188	3874417.25	300.519989	301.019989	300.019989	1	
647672.219	3874417.25	306.790009	307.290009	306.290009	1	
647976.25	3874417.25	307.630005	315.410004	299.850006	15.5599976	
648280.281	3874417.25	306.25	313.190002	299.309998	13.8800049	
648584.344	3874417.25	304.670013	311.170013	298.170013	13	
648888.375	3874417.25	303.585007	311.390015	295.779999	15.6100159	
649192.406	3874417.25	302.304993	312.529999	292.079987	20.4500122	
649496.469	3874417.25	300.62999	310.859985	290.399994	20.4599915	
649800.5	3874417.25	299.75499	308.019989	291.48999	16.5299988	
650104.531	3874417.25	299.790009	308.100006	291.480011	16.6199951	
650408.594	3874417.25	297.335007	305.029999	289.640015	15.3899841	
650712.625	3874417.25	299.514999	306.290009	292.73999	13.5500183	
651016.656	3874417.25	301.48999	307.109985	295.869995	11.2399902	
651320.719	3874417.25	303.459991	303.959991	302.959991	1	
651624.75	3874417.25	295.329987	295.829987	294.829987	1	
651928.875	3874417.25	298.640015	299.140015	298.140015	1	
646152.031	3874038.75	291.890015	292.390015	291.390015	1	
646456.063	3874038.75	287.224991	292.619995	281.829987	10.7900085	
646760.094	3874038.75	291.544998	292.859985	290.230011	2.62997437	
647064.156	3874038.75	294.720001	295.220001	294.220001	1	
647368.188	3874038.75	306.329987	307.829987	304.829987	3	
647672.219	3874038.75	313.890015	319.140015	308.640015	10.5	
647976.25	3874038.75	312.899994	322.429993	303.369995	19.0599976	
648280.281	3874038.75	312.529999	322.899994	302.160004	20.7399902	
648584.344	3874038.75	312.110001	321.709991	302.51001	19.1999817	
648888.375	3874038.75	310.38501	319.920013	300.850006	19.0700073	
649192.406	3874038.75	306.214996	314.690002	297.73999	16.9500122	
649496.469	3874038.75	302.895004	311.040009	294.75	16.2900085	
649800.5	3874038.75	299.529999	308.600006	290.459991	18.1400146	
650104.531	3874038.75	298.279999	308.200012	288.359985	19.8400269	
650408.594	3874038.75	298.930008	307.890015	289.970001	17.9200134	
650712.625	3874038.75	299.964996	307.399994	292.529999	14.8699951	
651016.656	3874038.75	302.289993	309.179993	295.399994	13.7799988	
651320.719	3874038.75	303.290009	306.290009	300.290009	6	
651624.75	3874038.75	302.079987	302.579987	301.579987	1	
651928.875	3874038.75	302.230011	302.730011	301.730011	1	
646152.031	3873660.13	290.269989	290.769989	289.769989	1	
646456.063	3873660.13	296.100006	296.600006	295.600006	1	
646760.094	3873660.13	301.839996	304.309998	299.369995	4.94000244	
647064.156	3873660.13	305.929993	308.279999	303.579987	4.70001221	
647368.188	3873660.13	309.354996	311.959991	306.75	5.20999146	
647672.219	3873660.13	314.63501	322.540009	306.730011	15.8099976	
647976.25	3873660.13	314.964996	323.309998	306.619995	16.6900024	
648280.281	3873660.13	317.065002	326.649994	307.480011	19.1699829	
648584.344	3873660.13	315.649994	325.709991	305.589996	20.1199951	
648888.375	3873660.13	312.714996	322.179993	303.25	18.9299927	
649192.406	3873660.13	308.98999	317.179993	300.799988	16.3800049	
649496.469	3873660.13	305.725006	314.820007	296.630005	18.1900024	
649800.5	3873660.13	304.029999	312.970001	295.089996	17.8800049	
650104.531	3873660.13	303.599991	310.709991	296.48999	14.2200012	
650408.594	3873660.13	302.649994	309.179993	296.119995	13.0599976	
650712.625	3873660.13	305.304993	313.529999	297.079987	16.4500122	
651016.656	3873660.13	305.820007	311.820007	299.820007	12	
651320.719	3873660.13	309.679993	310.179993	309.179993	1	
651624.75	3873660.13	306.790009	307.290009	306.290009	1	
651928.875	3873660.13	307.75	308.25	307.25	1	
646152.031	3873281.5	289.309998	289.809998	288.809998	1	
646456.063	3873281.5	308.75	309.25	308.25	1	
646760.094	3873281.5	308.720001	309.220001	308.220001	1	
647064.156	3873281.5	317.889999	324.299988	311.480011	12.8199768	
647368.188	3873281.5	321.434998	332.079987	310.790009	21.289978	
647672.219	3873281.5	314.830002	320.369995	309.290009	11.0799866	
647976.25	3873281.5	318.414993	325.959991	310.869995	15.0899963	
648280.281	3873281.5	319.86499	327.23999	312.48999	14.75	
648584.344	3873281.5	319.784988	327.359985	312.209991	15.1499939	
648888.375	3873281.5	315.615005	323.100006	308.130005	14.9700012	
649192.406	3873281.5	312.860001	320.339996	305.380005	14.9599915	
649496.469	3873281.5	308.360001	316.630005	300.089996	16.5400085	
649800.5	3873281.5	307.12001	316.850006	297.390015	19.4599915	
650104.531	3873281.5	305.12001	314.890015	295.350006	19.5400085	
650408.594	3873281.5	306.690002	314.690002	298.690002	16	
650712.625	3873281.5	308.595001	315.299988	301.890015	13.4099731	
651016.656	3873281.5	318.470001	318.970001	317.970001	1	
651320.719	3873281.5	314.839996	315.339996	314.339996	1	
651624.75	3873281.5	317.420013	317.920013	316.920013	1	
651928.875	3873281.5	311.910004	312.410004	311.410004	1	
646152.031	3872903	299.619995	300.119995	299.119995	1	
646456.063	3872903	308	308.5	307.5	1	
646760.094	3872903	322.48999	322.98999	321.98999	1	
647064.156	3872903	327.12999	331.179993	323.079987	8.1000061	
647368.188	3872903	326.75499	335.929993	317.579987	18.3500061	
647672.219	3872903	316.184998	321.5	310.869995	10.6300049	
647976.25	3872903	319.529999	327.480011	311.579987	15.9000244	
648280.281	3872903	319.344986	328.079987	310.609985	17.4700012	
648584.344	3872903	318.490005	327.26001	309.720001	17.5400085	
648888.375	3872903	317.154999	326.51001	307.799988	18.710022	
649192.406	3872903	312.125	320.519989	303.730011	16.789978	
649496.469	3872903	309.589996	318.829987	300.350006	18.4799805	
649800.5	3872903	307.199997	314.859985	299.540009	15.3199768	
650104.531	3872903	308.979996	316.880005	301.079987	15.8000183	
650408.594	3872903	310.955002	318.179993	303.730011	14.4499817	
650712.625	3872903	328.829987	329.329987	328.329987	1	
651016.656	3872903	325.059998	325.559998	324.559998	1	
651320.719	3872903	323.23999	323.73999	322.73999	1	
651624.75	3872903	322.179993	322.679993	321.679993	1	
651928.875	3872903	318.279999	318.779999	317.779999	1	
646152.031	3872524.5	313.709991	314.209991	313.209991	1	
646456.063	3872524.5	303.890015	304.390015	303.390015	1	
646760.094	3872524.5	323.200012	323.700012	322.700012	1	
647064.156	3872524.5	338.395004	339.290009	337.5	1.79000854	
647368.188	3872524.5	318.149994	324.369995	311.929993	12.4400024	
647672.219	3872524.5	317.25	323.399994	311.100006	12.2999878	
647976.25	3872524.5	318.319992	324.059998	312.579987	11.480011	
648280.281	3872524.5	318.849991	324.959991	312.73999	12.2200012	
648584.344	3872524.5	320.445007	327.820007	313.070007	14.75	
648888.375	3872524.5	318.315002	326.399994	310.230011	16.1699829	
649192.406	3872524.5	315.264999	323.730011	306.799988	16.9300232	
649496.469	3872524.5	311.770004	320.200012	303.339996	16.8600159	
649800.5	3872524.5	310.779999	320.279999	301.279999	19	
650104.531	3872524.5	313.044998	321.570007	304.519989	17.0500183	
650408.594	3872524.5	337.820007	338.320007	337.320007	1	
650712.625	3872524.5	339.029999	339.529999	338.529999	1	
651016.656	3872524.5	336.76001	337.26001	336.26001	1	
651320.719	3872524.5	332.76001	333.26001	332.26001	1	
651624.75	3872524.5	335.670013	336.170013	335.170013	1	
651928.875	3872524.5	315.01001	315.51001	314.51001	1	
646152.031	3872146	320.619995	321.119995	320.119995	1	
646456.063	3872146	320.299988	320.799988	319.799988	1	
646760.094	3872146	315.970001	316.470001	315.470001	1	
647064.156	3872146	324.359985	324.859985	323.859985	1	
647368.188	3872146	323.660004	330.410004	316.910004	13.5	
647672.219	3872146	322.525009	330.100006	314.950012	15.1499939	
647976.25	3872146	323.675003	330.450012	316.899994	13.5500183	
648280.281	3872146	324.970001	331.950012	317.98999	13.960022	
648584.344	3872146	323.474991	330.549988	316.399994	14.1499939	
648888.375	3872146	320.544998	326.519989	314.570007	11.9499817	
649192.406	3872146	317.904999	325.049988	310.76001	14.289978	
649496.469	3872146	317.095001	324.970001	309.220001	15.75	
649800.5	3872146	339.069992	339.959991	338.179993	1.77999878	
650104.531	3872146	343.959991	344.459991	343.459991	1	
650408.594	3872146	350.679993	351.179993	350.179993	1	
650712.625	3872146	349.899994	350.399994	349.399994	1	
651016.656	3872146	345.440002	345.940002	344.940002	1	
651320.719	3872146	348.209991	348.709991	347.709991	1	
651624.75	3872146	341.540009	342.040009	341.040009	1	
651928.875	3872146	302.959991	303.459991	302.459991	1	
646152.031	3871767.38	336.119995	336.619995	335.619995	1	
646456.063	3871767.38	332.440002	332.940002	331.940002	1	
646760.094	3871767.38	329.790009	330.290009	329.290009	1	
647064.156	3871767.38	335	335.5	334.5	1	
647368.188	3871767.38	329.709991	337.709991	321.709991	16	
647672.219	3871767.38	329.315002	338.209991	320.420013	17.789978	
647976.25	3871767.38	327.039993	335.48999	318.589996	16.8999939	
648280.281	3871767.38	327.149994	334.839996	319.459991	15.3800049	
648584.344	3871767.38	324.634995	333.369995	315.899994	17.4700012	
648888.375	3871767.38	323.299988	332.549988	314.049988	18.5	
649192.406	3871767.38	324.035004	332.230011	315.839996	16.3900146	
649496.469	3871767.38	324.729996	333.23999	316.220001	17.019989	
649800.5	3871767.38	326.290009	334.790009	317.790009	17	
650104.531	3871767.38	327.160004	335.160004	319.160004	16	
650408.594	3871767.38	360.019989	360.519989	359.519989	1	
650712.625	3871767.38	363.170013	363.670013	362.670013	1	
651016.656	3871767.38	358.410004	358.910004	357.910004	1	
651320.719	3871767.38	366.144989	373.429993	358.859985	14.5700073	
651624.75	3871767.38	357.445007	369.540009	345.350006	24.1900024	
651928.875	3871767.38	296.109985	296.609985	295.609985	1	
646152.031	3871388.75	346.619995	347.119995	346.119995	1	
646456.063	3871388.75	340.059998	340.559998	339.559998	1	
646760.094	3871388.75	340.079987	340.579987	339.579987	1	
647064.156	3871388.75	335.920013	343.420013	328.420013	15	
647368.188	3871388.75	334.880005	343.380005	326.380005	17	
647672.219	3871388.75	332.980011	341.980011	323.980011	18	
647976.25	3871388.75	330.884995	339.359985	322.410004	16.9499817	
648280.281	3871388.75	328.779999	337.470001	320.089996	17.3800049	
648584.344	3871388.75	327.794998	336.01001	319.579987	16.4300232	
648888.375	3871388.75	327.784988	336.799988	318.769989	18.0299988	
649192.406	3871388.75	326.900009	337.540009	316.26001	21.2799988	
649496.469	3871388.75	327.955002	338.269989	317.640015	20.6299744	
649800.5	3871388.75	329.269989	339.269989	319.269989	20	
650104.531	3871388.75	330.209991	340.209991	320.209991	20	
650408.594	3871388.75	332.079987	342.079987	322.079987	20	
650712.625	3871388.75	333.809998	343.309998	324.309998	19	
651016.656	3871388.75	335.470001	344.470001	326.470001	18	
651320.719	3871388.75	335.669998	343.880005	327.459991	16.4200134	
651624.75	3871388.75	355.579987	361.359985	349.799988	11.5599976	
651928.875	3871388.75	312.899994	313.399994	312.399994	1	
646152.031	3871010.25	362.299988	362.799988	361.799988	1	
646456.063	3871010.25	359.660004	360.160004	359.160004	1	
646760.094	3871010.25	353.119995	353.619995	352.619995	1	
647064.156	3871010.25	341.679993	349.179993	334.179993	15	
647368.188	3871010.25	338.339996	347.339996	329.339996	18	
647672.219	3871010.25	336.079987	345.579987	326.579987	19	
647976.25	3871010.25	333.724991	342.589996	324.859985	17.730011	
648280.281	3871010.25	331.964996	340.399994	323.529999	16.8699951	
648584.344	3871010.25	331.305008	340.380005	322.230011	18.1499939	
648888.375	3871010.25	332.209991	342.769989	321.649994	21.1199951	
649192.406	3871010.25	332.625	345.23999	320.01001	25.2299805	
649496.469	3871010.25	334.190002	346.690002	321.690002	25	
649800.5	3871010.25	336.25	348.75	323.75	25	
650104.531	3871010.25	337.390015	349.390015	325.390015	24	
650408.594	3871010.25	338.470001	350.470001	326.470001	24	
650712.625	3871010.25	340.920013	351.920013	329.920013	22	
651016.656	3871010.25	341.200012	351.200012	331.200012	20	
651320.719	3871010.25	342.720001	352.220001	333.220001	19	
651624.75	3871010.25	342.170013	350.170013	334.170013	16	
651928.875	3871010.25	330.209991	330.709991	329.709991	1	
646152.031	3870631.75	385.320007	385.820007	384.820007	1	
646456.063	3870631.75	373.970001	374.470001	373.470001	1	
646760.094	3870631.75	362.269989	362.769989	361.769989	1	
647064.156	3870631.75	347.209991	355.209991	339.209991	16	
647368.188	3870631.75	345.209991	354.709991	335.709991	19	
647672.219	3870631.75	340.75	350.25	331.25	19	
647976.25	3870631.75	338.165009	347.76001	328.570007	19.1900024	
648280.281	3870631.75	335.37001	344.200012	326.540009	17.6600037	
648584.344	3870631.75	335.805008	345.790009	325.820007	19.9700012	
648888.375	3870631.75	337.75	348.75	326.75	22	
649192.406	3870631.75	339.630005	352.130005	327.130005	25	
649496.469	3870631.75	343.660004	356.660004	330.660004	26	
649800.5	3870631.75	345.940002	357.940002	333.940002	24	
650104.531	3870631.75	346.640015	358.640015	334.640015	24	
650408.594	3870631.75	347.459991	358.959991	335.959991	23	
650712.625	3870631.75	347.459991	357.459991	337.459991	20	
651016.656	3870631.75	348.149994	358.149994	338.149994	20	
651320.719	3870631.75	349.98999	360.48999	339.48999	21	
651624.75	3870631.75	349.51001	358.01001	341.01001	17	
651928.875	3870631.75	355.959991	356.459991	355.459991	1	
646152.031	3870253.25	397.549988	398.049988	397.049988	1	
646456.063	3870253.25	384.190002	384.690002	383.690002	1	
646760.094	3870253.25	356.26001	365.26001	347.26001	18	
647064.156	3870253.25	353.269989	362.769989	343.769989	19	
647368.188	3870253.25	350.160004	360.660004	339.660004	21	
647672.219	3870253.25	345.380005	355.880005	334.880005	21	
647976.25	3870253.25	342.244995	352.690002	331.799988	20.8900146	
648280.281	3870253.25	341.134995	352.690002	329.579987	23.1100159	
648584.344	3870253.25	342.915009	354.950012	330.880005	24.0700073	
648888.375	3870253.25	345.600006	358.470001	332.730011	25.7399902	
649192.406	3870253.25	348.339996	362.339996	334.339996	28	
649496.469	3870253.25	354.390015	369.890015	338.890015	31	
649800.5	3870253.25	358.109985	373.609985	342.609985	31	
650104.531	3870253.25	360.660004	374.660004	346.660004	28	
650408.594	3870253.25	360.190002	373.190002	347.190002	26	
650712.625	3870253.25	359.98999	371.98999	347.98999	24	
651016.656	3870253.25	358.119995	372.119995	344.119995	28	
651320.719	3870253.25	357.079987	368.079987	346.079987	22	
651624.75	3870253.25	356.029999	366.029999	346.029999	20	
651928.875	3870253.25	355.170013	363.170013	347.170013	16	
646152.031	3869874.63	407.859985	408.359985	407.359985	1	
646456.063	3869874.63	397.089996	397.589996	396.589996	1	
646760.094	3869874.63	361.230011	370.230011	352.230011	18	
647064.156	3869874.63	357.600006	367.100006	348.100006	19	
647368.188	3869874.63	354.809998	364.809998	344.809998	20	
647672.219	3869874.63	352.709991	362.709991	342.709991	20	
647976.25	3869874.63	350.719986	360.859985	340.579987	20.2799988	
648280.281	3869874.63	350.604996	361.23999	339.970001	21.269989	
648584.344	3869874.63	352.384995	364.869995	339.899994	24.9700012	
648888.375	3869874.63	354	367.700012	340.299988	27.4000244	
649192.406	3869874.63	359.279999	373.279999	345.279999	28	
649496.469	3869874.63	366.350006	381.850006	350.850006	31	
649800.5	3869874.63	372.890015	389.890015	355.890015	34	
650104.531	3869874.63	374.950012	390.450012	359.450012	31	
650408.594	3869874.63	372.220001	388.720001	355.720001	33	
650712.625	3869874.63	369.410004	384.410004	354.410004	30	
651016.656	3869874.63	367.059998	380.559998	353.559998	27	
651320.719	3869874.63	365.799988	376.799988	354.799988	22	
651624.75	3869874.63	362.850006	372.350006	353.350006	19	
651928.875	3869874.63	363.660004	373.660004	353.660004	20	
646152.031	3869496	412	412.5	411.5	1	
646456.063	3869496	397.410004	397.910004	396.910004	1	
646760.094	3869496	366.190002	374.690002	357.690002	17	
647064.156	3869496	363.450012	372.450012	354.450012	18	
647368.188	3869496	360.100006	369.100006	351.100006	18	
647672.219	3869496	358.070007	367.070007	349.070007	18	
647976.25	3869496	359.490005	369.089996	349.890015	19.1999817	
648280.281	3869496	359.809998	370.829987	348.790009	22.039978	
648584.344	3869496	361.854996	373.339996	350.369995	22.9700012	
648888.375	3869496	364.604996	377.079987	352.130005	24.9499817	
649192.406	3869496	367.519989	381.019989	354.019989	27	
649496.469	3869496	375.01001	389.51001	360.51001	29	
649800.5	3869496	381.48999	395.48999	367.48999	28	
650104.531	3869496	384.200012	396.200012	372.200012	24	
650408.594	3869496	383.959991	398.959991	368.959991	30	
650712.625	3869496	377.959991	392.459991	363.459991	29	
651016.656	3869496	374.720001	386.720001	362.720001	24	
651320.719	3869496	371.170013	382.170013	360.170013	22	
651624.75	3869496	369.869995	380.369995	359.369995	21	
651928.875	3869496	369.059998	378.059998	360.059998	18	
646152.031	3869117.5	407.380005	407.880005	406.880005	1	
646456.063	3869117.5	373.220001	382.220001	364.220001	18	
646760.094	3869117.5	369.579987	379.079987	360.079987	19	
647064.156	3869117.5	367.98999	377.48999	358.48999	19	
647368.188	3869117.5	365.980011	375.480011	356.480011	19	
647672.219	3869117.5	364.315002	373.23999	355.390015	17.8499756	
647976.25	3869117.5	364.414993	374.079987	354.75	19.3299866	
648280.281	3869117.5	365.815002	377.390015	354.23999	23.1500244	
648584.344	3869117.5	367.925003	380.5	355.350006	25.1499939	
648888.375	3869117.5	372.50499	386.709991	358.299988	28.4100037	
649192.406	3869117.5	375.799988	389.299988	362.299988	27	
649496.469	3869117.5	383.559998	396.559998	370.559998	26	
649800.5	3869117.5	389.119995	401.119995	377.119995	24	
650104.531	3869117.5	394.480011	404.980011	383.980011	21	
650408.594	3869117.5	388.679993	401.679993	375.679993	26	
650712.625	3869117.5	385.350006	397.850006	372.850006	25	
651016.656	3869117.5	381.480011	392.480011	370.480011	22	
651320.719	3869117.5	429.26001	490.26001	368.26001	122	
651624.75	3869117.5	377.100006	387.100006	367.100006	20	
651928.875	3869117.5	375.730011	385.230011	366.230011	19	
646152.031	3868739	397.570007	398.070007	397.070007	1	
646456.063	3868739	379.429993	388.429993	370.429993	18	
646760.094	3868739	375.679993	384.179993	367.179993	17	
647064.156	3868739	373.48999	382.48999	364.48999	18	
647368.188	3868739	371.339996	380.339996	362.339996	18	
647672.219	3868739	370.330002	378.73999	361.920013	16.8199768	
647976.25	3868739	369.775009	379.51001	360.040009	19.4700012	
648280.281	3868739	371.240005	382.140015	360.339996	21.8000183	
648584.344	3868739	374.514999	386.079987	362.950012	23.1299744	
648888.375	3868739	379.714996	394.380005	365.049988	29.3300171	
649192.406	3868739	385.670013	399.670013	371.670013	28	
649496.469	3868739	391.029999	405.029999	377.029999	28	
649800.5	3868739	396.029999	408.029999	384.029999	24	
650104.531	3868739	399.440002	410.440002	388.440002	22	
650408.594	3868739	398.140015	411.640015	384.640015	27	
650712.625	3868739	395.820007	408.820007	382.820007	26	
651016.656	3868739	392.26001	405.26001	379.26001	26	
651320.719	3868739	389.5	402	377	25	
651624.75	3868739	385.829987	397.329987	374.329987	23	
651928.875	3868739	382.839996	391.839996	373.839996	18	
646152.031	3868360.5	386.799988	394.799988	378.799988	16	
646456.063	3868360.5	383.549988	393.049988	374.049988	19	
646760.094	3868360.5	380.399994	389.399994	371.399994	18	
647064.156	3868360.5	377.73999	386.73999	368.73999	18	
647368.188	3868360.5	375.375	384.26001	366.48999	17.7700195	
647672.219	3868360.5	374.565002	382.459991	366.670013	15.789978	
647976.25	3868360.5	375.785004	385.76001	365.809998	19.9500122	
648280.281	3868360.5	377.845001	390.470001	365.220001	25.25	
648584.344	3868360.5	382.154999	395.51001	368.799988	26.710022	
648888.375	3868360.5	388.894989	404.549988	373.23999	31.3099976	
649192.406	3868360.5	396.660004	411.660004	381.660004	30	
649496.469	3868360.5	403.420013	417.920013	388.920013	29	
649800.5	3868360.5	407.089996	420.589996	393.589996	27	
650104.531	3868360.5	410.609985	423.609985	397.609985	26	
650408.594	3868360.5	411.23999	425.73999	396.73999	29	
650712.625	3868360.5	408.179993	423.179993	393.179993	30	
651016.656	3868360.5	405.950012	421.450012	390.450012	31	
651320.719	3868360.5	401.369995	416.869995	385.869995	31	
651624.75	3868360.5	394.619995	408.619995	380.619995	28	
651928.875	3868360.5	390.700012	401.700012	379.700012	22	
646152.031	3867981.88	391.98999	399.48999	384.48999	15	
646456.063	3867981.88	387.709991	396.209991	379.209991	17	
646760.094	3867981.88	384.809998	394.309998	375.309998	19	
647064.156	3867981.88	381.23999	389.73999	372.73999	17	
647368.188	3867981.88	379.304993	387.089996	371.519989	15.5700073	
647672.219	3867981.88	380.595001	390.670013	370.519989	20.1500244	
647976.25	3867981.88	382.940002	395.390015	370.48999	24.9000244	
648280.281	3867981.88	386.600006	400.630005	372.570007	28.0599976	
648584.344	3867981.88	391.095001	406.820007	375.369995	31.4500122	
648888.375	3867981.88	398.214996	414.049988	382.380005	31.6699829	
649192.406	3867981.88	408.170013	422.670013	393.670013	29	
649496.469	3867981.88	414.410004	427.910004	400.910004	27	
649800.5	3867981.88	419.230011	432.230011	406.230011	26	
650104.531	3867981.88	422.75	435.75	409.75	26	
650408.594	3867981.88	424.309998	436.309998	412.309998	24	
650712.625	3867981.88	423	437	409	28	
651016.656	3867981.88	421.540009	437.540009	405.540009	32	
651320.719	3867981.88	413.540009	430.040009	397.040009	33	
651624.75	3867981.88	405.440002	420.940002	389.940002	31	
651928.875	3867981.88	398.049988	410.049988	386.049988	24	
646152.031	3867603.25	391.670013	396.170013	387.170013	9	
646456.063	3867603.25	390.350006	396.850006	383.850006	13	
646760.094	3867603.25	388.440002	396.440002	380.440002	16	
647064.156	3867603.25	385.039993	392.48999	377.589996	14.8999939	
647368.188	3867603.25	385.580002	393.679993	377.480011	16.1999817	
647672.219	3867603.25	387.009995	397.089996	376.929993	20.1600037	
647976.25	3867603.25	391.119995	403.940002	378.299988	25.6400146	
648280.281	3867603.25	396.089996	410.690002	381.48999	29.2000122	
648584.344	3867603.25	400.975006	415.200012	386.75	28.4500122	
648888.375	3867603.25	408.335007	422.170013	394.5	27.6700134	
649192.406	3867603.25	416.130005	430.130005	402.130005	28	
649496.469	3867603.25	423.029999	435.529999	410.529999	25	
649800.5	3867603.25	427.179993	438.179993	416.179993	22	
650104.531	3867603.25	430.790009	440.290009	421.290009	19	
650408.594	3867603.25	432.829987	442.329987	423.329987	19	
650712.625	3867603.25	433.890015	442.390015	425.390015	17	
651016.656	3867603.25	430.480011	440.980011	419.980011	21	
651320.719	3867603.25	421.410004	433.410004	409.410004	24	
651624.75	3867603.25	410.570007	421.570007	399.570007	22	
651928.875	3867603.25	402.519989	411.019989	394.019989	17	
646152.031	3867287	395.350006	399.850006	390.850006	9	
646456.063	3867287	392.529999	398.029999	387.029999	11	
646760.094	3867287	390.559998	397.059998	384.059998	13	
647064.156	3867287	388.490005	394.420013	382.559998	11.8600159	
647368.188	3867287	388.455002	395.51001	381.399994	14.1100159	
647672.219	3867287	391.924988	400.019989	383.829987	16.1900024	
647976.25	3867287	396.285004	404.890015	387.679993	17.210022	
648280.281	3867287	401.770004	411.089996	392.450012	18.6399841	
648584.344	3867287	410.275009	419.890015	400.660004	19.230011	
648888.375	3867287	416.729996	427.859985	405.600006	22.2599792	
649192.406	3867287	423.26001	433.26001	413.26001	20	
649496.469	3867287	429.019989	438.019989	420.019989	18	
649800.5	3867287	432.850006	440.850006	424.850006	16	
650104.531	3867287	436.709991	442.709991	430.709991	12	
650408.594	3867287	438.200012	443.200012	433.200012	10	
650712.625	3867287	438.359985	443.859985	432.859985	11	
651016.656	3867287	433.190002	441.190002	425.190002	16	
651320.719	3867287	425.269989	434.769989	415.769989	19	
651624.75	3867287	414.420013	423.920013	404.920013	19	
651928.875	3867287	406.299988	413.299988	399.299988	14	
