Layer 1
X	Y	Z	Head	
646152.031	3881974.88	185.889999	1.00000002E30	
646456.063	3881974.88	137.539993	1.00000002E30	
646760.094	3881974.88	150.050003	1.00000002E30	
647064.156	3881974.88	174.32	1.00000002E30	
647368.188	3881974.88	208.365005	207	
647672.219	3881974.88	209.439995	207	
647976.25	3881974.88	212.889999	210	
648280.281	3881974.88	140.294998	1.00000002E30	
648584.344	3881974.88	134.797501	1.00000002E30	
648888.375	3881974.88	120.526501	1.00000002E30	
649192.406	3881974.88	108.429497	1.00000002E30	
649496.469	3881974.88	102.470499	1.00000002E30	
649800.5	3881974.88	97.7859993	1.00000002E30	
650104.531	3881974.88	97.729497	1.00000002E30	
650408.594	3881974.88	108.757164	1.00000002E30	
650712.625	3881974.88	101.629501	1.00000002E30	
651016.656	3881974.88	95.9945011	1.00000002E30	
651320.719	3881974.88	86.3494968	1.00000002E30	
651624.75	3881974.88	80.2615013	1.00000002E30	
651928.875	3881974.88	69.7884979	1.00000002E30	
646152.031	3881590.13	186.509995	1.00000002E30	
646456.063	3881590.13	147.720001	1.00000002E30	
646760.094	3881590.13	146.690002	1.00000002E30	
647064.156	3881590.13	209.880005	208	
647368.188	3881590.13	207.435005	209.634048	
647672.219	3881590.13	208.355003	211.043289	
647976.25	3881590.13	212.005005	213.021332	
648280.281	3881590.13	217.794998	216	
648584.344	3881590.13	179.860001	1.00000002E30	
648888.375	3881590.13	157.57	1.00000002E30	
649192.406	3881590.13	138.579998	1.00000002E30	
649496.469	3881590.13	128.599998	1.00000002E30	
649800.5	3881590.13	125.358501	1.00000002E30	
650104.531	3881590.13	124.213001	1.00000002E30	
650408.594	3881590.13	124.726	1.00000002E30	
650712.625	3881590.13	110.130503	1.00000002E30	
651016.656	3881590.13	101.451949	1.00000002E30	
651320.719	3881590.13	102.911504	1.00000002E30	
651624.75	3881590.13	99.3380013	1.00000002E30	
651928.875	3881590.13	88.6049995	1.00000002E30	
646152.031	3881231.25	185.389999	1.00000002E30	
646456.063	3881231.25	206.970001	1.00000002E30	
646760.094	3881231.25	167.389999	1.00000002E30	
647064.156	3881231.25	210.899994	207	
647368.188	3881231.25	208.210007	209.72435	
647672.219	3881231.25	209.099998	210.84462	
647976.25	3881231.25	212.295006	212.745987	
648280.281	3881231.25	218.43	215	
648584.344	3881231.25	227.25	1.00000002E30	
648888.375	3881231.25	204.979996	1.00000002E30	
649192.406	3881231.25	163.270004	1.00000002E30	
649496.469	3881231.25	152.470001	1.00000002E30	
649800.5	3881231.25	155.5	1.00000002E30	
650104.531	3881231.25	157.889999	1.00000002E30	
650408.594	3881231.25	173.460007	1.00000002E30	
650712.625	3881231.25	189.184998	1.00000002E30	
651016.656	3881231.25	172.82	1.00000002E30	
651320.719	3881231.25	150.9035	1.00000002E30	
651624.75	3881231.25	127.185	1.00000002E30	
651928.875	3881231.25	111.037994	1.00000002E30	
646152.031	3880852.63	218.910004	1.00000002E30	
646456.063	3880852.63	221.580002	1.00000002E30	
646760.094	3880852.63	222.789993	1.00000002E30	
647064.156	3880852.63	207.529999	1.00000002E30	
647368.188	3880852.63	211.619995	208	
647672.219	3880852.63	211.949997	208	
647976.25	3880852.63	214.464996	213.745575	
648280.281	3880852.63	218.610001	216.55513	
648584.344	3880852.63	223.730003	220	
648888.375	3880852.63	226.605003	224	
649192.406	3880852.63	211.210007	1.00000002E30	
649496.469	3880852.63	175.660004	1.00000002E30	
649800.5	3880852.63	165.139999	1.00000002E30	
650104.531	3880852.63	160.320007	1.00000002E30	
650408.594	3880852.63	163.850006	1.00000002E30	
650712.625	3880852.63	174.229996	1.00000002E30	
651016.656	3880852.63	174.599998	1.00000002E30	
651320.719	3880852.63	165.880001	1.00000002E30	
651624.75	3880852.63	152.333	1.00000002E30	
651928.875	3880852.63	112.807052	1.00000002E30	
646152.031	3880474	226.929993	1.00000002E30	
646456.063	3880474	239.559998	1.00000002E30	
646760.094	3880474	234.119995	1.00000002E30	
647064.156	3880474	228.410004	1.00000002E30	
647368.188	3880474	231.834999	1.00000002E30	
647672.219	3880474	216.470001	213	
647976.25	3880474	218.459999	215.9505	
648280.281	3880474	220.07	218.440277	
648584.344	3880474	224.525002	221.911423	
648888.375	3880474	229.315002	225.028687	
649192.406	3880474	233.190002	228	
649496.469	3880474	232.820007	1.00000002E30	
649800.5	3880474	207.619995	1.00000002E30	
650104.531	3880474	177.630005	1.00000002E30	
650408.594	3880474	166.419998	1.00000002E30	
650712.625	3880474	167.240005	1.00000002E30	
651016.656	3880474	175.25	1.00000002E30	
651320.719	3880474	164.970001	1.00000002E30	
651624.75	3880474	147.034996	1.00000002E30	
651928.875	3880474	116.687496	1.00000002E30	
646152.031	3880095.5	246.739998	1.00000002E30	
646456.063	3880095.5	252.809998	1.00000002E30	
646760.094	3880095.5	243.130005	1.00000002E30	
647064.156	3880095.5	241.169998	1.00000002E30	
647368.188	3880095.5	246.004997	1.00000002E30	
647672.219	3880095.5	240.875	1.00000002E30	
647976.25	3880095.5	226.014999	218	
648280.281	3880095.5	227.105003	220	
648584.344	3880095.5	228.57	224.566544	
648888.375	3880095.5	230.574997	227.53949	
649192.406	3880095.5	233.620003	230.247635	
649496.469	3880095.5	236.900002	233	
649800.5	3880095.5	242.360001	237	
650104.531	3880095.5	197.479996	1.00000002E30	
650408.594	3880095.5	181.889999	1.00000002E30	
650712.625	3880095.5	175.309998	1.00000002E30	
651016.656	3880095.5	176.710007	1.00000002E30	
651320.719	3880095.5	171.704994	1.00000002E30	
651624.75	3880095.5	157.739998	1.00000002E30	
651928.875	3880095.5	126.411503	1.00000002E30	
646152.031	3879717	263.650002	1.00000002E30	
646456.063	3879717	267.559998	1.00000002E30	
646760.094	3879717	268.450012	1.00000002E30	
647064.156	3879717	256.309998	1.00000002E30	
647368.188	3879717	256.320007	1.00000002E30	
647672.219	3879717	252.845001	1.00000002E30	
647976.25	3879717	254.660004	1.00000002E30	
648280.281	3879717	254.445007	1.00000002E30	
648584.344	3879717	233.425003	227	
648888.375	3879717	234.439995	230	
649192.406	3879717	236.440002	233.106674	
649496.469	3879717	240	236.671326	
649800.5	3879717	242.644997	240.091644	
650104.531	3879717	246.149994	243	
650408.594	3879717	249.779999	245	
650712.625	3879717	191.240005	1.00000002E30	
651016.656	3879717	176.820007	1.00000002E30	
651320.719	3879717	175.960007	1.00000002E30	
651624.75	3879717	182.455002	1.00000002E30	
651928.875	3879717	143.661499	1.00000002E30	
646152.031	3879338.5	278.405006	1.00000002E30	
646456.063	3879338.5	293.644989	1.00000002E30	
646760.094	3879338.5	283.949997	1.00000002E30	
647064.156	3879338.5	278.674988	1.00000002E30	
647368.188	3879338.5	274.269989	1.00000002E30	
647672.219	3879338.5	271.830002	1.00000002E30	
647976.25	3879338.5	268.764999	1.00000002E30	
648280.281	3879338.5	264.340012	1.00000002E30	
648584.344	3879338.5	259.409996	1.00000002E30	
648888.375	3879338.5	255.769997	1.00000002E30	
649192.406	3879338.5	243.059998	237	
649496.469	3879338.5	242.975006	238	
649800.5	3879338.5	244.435005	241.40062	
650104.531	3879338.5	247.095001	244.568466	
650408.594	3879338.5	248.509995	246.849243	
650712.625	3879338.5	250.200005	249	
651016.656	3879338.5	192.160004	1.00000002E30	
651320.719	3879338.5	186.009995	1.00000002E30	
651624.75	3879338.5	207.375	1.00000002E30	
651928.875	3879338.5	189.410004	1.00000002E30	
646152.031	3878959.88	288.914993	1.00000002E30	
646456.063	3878959.88	303.324997	1.00000002E30	
646760.094	3878959.88	296.949997	1.00000002E30	
647064.156	3878959.88	293.714996	1.00000002E30	
647368.188	3878959.88	288.964996	1.00000002E30	
647672.219	3878959.88	284.964996	1.00000002E30	
647976.25	3878959.88	278.850006	1.00000002E30	
648280.281	3878959.88	271.23999	1.00000002E30	
648584.344	3878959.88	265.009995	1.00000002E30	
648888.375	3878959.88	259.850006	1.00000002E30	
649192.406	3878959.88	255.869995	1.00000002E30	
649496.469	3878959.88	246.864998	241	
649800.5	3878959.88	246.404999	242	
650104.531	3878959.88	247.095001	246.588257	
650408.594	3878959.88	249.800003	248.491928	
650712.625	3878959.88	254.409996	250	
651016.656	3878959.88	219.75	1.00000002E30	
651320.719	3878959.88	188.75	1.00000002E30	
651624.75	3878959.88	215.990005	1.00000002E30	
651928.875	3878959.88	199.394997	1.00000002E30	
646152.031	3878581.25	284.395004	1.00000002E30	
646456.063	3878581.25	295.910004	1.00000002E30	
646760.094	3878581.25	297.940002	1.00000002E30	
647064.156	3878581.25	295.809998	1.00000002E30	
647368.188	3878581.25	290.209991	1.00000002E30	
647672.219	3878581.25	281.820007	1.00000002E30	
647976.25	3878581.25	277.480011	1.00000002E30	
648280.281	3878581.25	269.709991	1.00000002E30	
648584.344	3878581.25	263.779999	1.00000002E30	
648888.375	3878581.25	261.910004	1.00000002E30	
649192.406	3878581.25	262.470001	1.00000002E30	
649496.469	3878581.25	264.179993	1.00000002E30	
649800.5	3878581.25	253.485001	247	
650104.531	3878581.25	253.215004	250.235809	
650408.594	3878581.25	253.865005	251.259247	
650712.625	3878581.25	255.720001	252	
651016.656	3878581.25	249.284996	1.00000002E30	
651320.719	3878581.25	196.949997	1.00000002E30	
651624.75	3878581.25	194.479996	1.00000002E30	
651928.875	3878581.25	189.404999	1.00000002E30	
646152.031	3878202.75	282.544998	1.00000002E30	
646456.063	3878202.75	286.950012	1.00000002E30	
646760.094	3878202.75	290.609985	1.00000002E30	
647064.156	3878202.75	287.100006	1.00000002E30	
647368.188	3878202.75	290.609985	1.00000002E30	
647672.219	3878202.75	283.190002	1.00000002E30	
647976.25	3878202.75	272.399994	1.00000002E30	
648280.281	3878202.75	269.059998	1.00000002E30	
648584.344	3878202.75	272.980011	1.00000002E30	
648888.375	3878202.75	270.26001	1.00000002E30	
649192.406	3878202.75	270.730011	1.00000002E30	
649496.469	3878202.75	268.12999	1.00000002E30	
649800.5	3878202.75	258.264999	251	
650104.531	3878202.75	257.019997	253.856201	
650408.594	3878202.75	258.239998	254.362885	
650712.625	3878202.75	261.290009	254	
651016.656	3878202.75	238.169998	1.00000002E30	
651320.719	3878202.75	205.179993	1.00000002E30	
651624.75	3878202.75	189.009995	1.00000002E30	
651928.875	3878202.75	195.899994	1.00000002E30	
646152.031	3877824.25	276.410004	1.00000002E30	
646456.063	3877824.25	277.170013	1.00000002E30	
646760.094	3877824.25	281.25	1.00000002E30	
647064.156	3877824.25	286.98999	1.00000002E30	
647368.188	3877824.25	288.940002	1.00000002E30	
647672.219	3877824.25	282.049988	1.00000002E30	
647976.25	3877824.25	280	1.00000002E30	
648280.281	3877824.25	277.410004	1.00000002E30	
648584.344	3877824.25	275.480011	1.00000002E30	
648888.375	3877824.25	274.730011	1.00000002E30	
649192.406	3877824.25	272.410004	1.00000002E30	
649496.469	3877824.25	270.019989	1.00000002E30	
649800.5	3877824.25	262.284996	256	
650104.531	3877824.25	261.439995	258.206818	
650408.594	3877824.25	262.215004	258.420135	
650712.625	3877824.25	262.445007	257	
651016.656	3877824.25	250.449997	1.00000002E30	
651320.719	3877824.25	227.779999	1.00000002E30	
651624.75	3877824.25	198.990005	1.00000002E30	
651928.875	3877824.25	196.610001	1.00000002E30	
646152.031	3877445.75	271.399994	1.00000002E30	
646456.063	3877445.75	275.820007	1.00000002E30	
646760.094	3877445.75	286.149994	1.00000002E30	
647064.156	3877445.75	291.950012	1.00000002E30	
647368.188	3877445.75	293.350006	1.00000002E30	
647672.219	3877445.75	290.790009	1.00000002E30	
647976.25	3877445.75	288.420013	1.00000002E30	
648280.281	3877445.75	285.019989	1.00000002E30	
648584.344	3877445.75	281.160004	1.00000002E30	
648888.375	3877445.75	275.920013	1.00000002E30	
649192.406	3877445.75	274.320007	1.00000002E30	
649496.469	3877445.75	275.059998	1.00000002E30	
649800.5	3877445.75	266.565002	260	
650104.531	3877445.75	265.415009	262.78894	
650408.594	3877445.75	265.860001	263.029114	
650712.625	3877445.75	265.709991	262	
651016.656	3877445.75	269.48999	264	
651320.719	3877445.75	238.039993	1.00000002E30	
651624.75	3877445.75	207.729996	1.00000002E30	
651928.875	3877445.75	200.570007	1.00000002E30	
646152.031	3877067.13	270.390015	1.00000002E30	
646456.063	3877067.13	277.519989	1.00000002E30	
646760.094	3877067.13	284.950012	1.00000002E30	
647064.156	3877067.13	292.059998	1.00000002E30	
647368.188	3877067.13	297.369995	1.00000002E30	
647672.219	3877067.13	296.899994	1.00000002E30	
647976.25	3877067.13	293.660004	1.00000002E30	
648280.281	3877067.13	288.459991	1.00000002E30	
648584.344	3877067.13	285.320007	1.00000002E30	
648888.375	3877067.13	279.970001	1.00000002E30	
649192.406	3877067.13	279.600006	1.00000002E30	
649496.469	3877067.13	280.395004	1.00000002E30	
649800.5	3877067.13	268.849991	263	
650104.531	3877067.13	266.884995	267.216644	
650408.594	3877067.13	267.720001	267.834198	
650712.625	3877067.13	268.299988	267.850098	
651016.656	3877067.13	271.830002	268	
651320.719	3877067.13	266.339996	1.00000002E30	
651624.75	3877067.13	231.360001	1.00000002E30	
651928.875	3877067.13	217.960007	1.00000002E30	
646152.031	3876688.5	267.100006	1.00000002E30	
646456.063	3876688.5	273.089996	1.00000002E30	
646760.094	3876688.5	280.950012	1.00000002E30	
647064.156	3876688.5	285.98999	1.00000002E30	
647368.188	3876688.5	296.279999	1.00000002E30	
647672.219	3876688.5	294.98999	1.00000002E30	
647976.25	3876688.5	289.600006	1.00000002E30	
648280.281	3876688.5	289.109985	1.00000002E30	
648584.344	3876688.5	284.809998	1.00000002E30	
648888.375	3876688.5	284.890015	1.00000002E30	
649192.406	3876688.5	287.390015	1.00000002E30	
649496.469	3876688.5	284.964996	1.00000002E30	
649800.5	3876688.5	270.744995	267	
650104.531	3876688.5	268.410004	270.814972	
650408.594	3876688.5	270.125	271.487549	
650712.625	3876688.5	269.360001	271.741821	
651016.656	3876688.5	273.585007	271	
651320.719	3876688.5	265.26001	1.00000002E30	
651624.75	3876688.5	241.490005	1.00000002E30	
651928.875	3876688.5	227.029999	1.00000002E30	
646152.031	3876310	260.339996	1.00000002E30	
646456.063	3876310	269.380005	1.00000002E30	
646760.094	3876310	273.790009	1.00000002E30	
647064.156	3876310	278.5	1.00000002E30	
647368.188	3876310	281.339996	1.00000002E30	
647672.219	3876310	282.429993	1.00000002E30	
647976.25	3876310	284.700012	1.00000002E30	
648280.281	3876310	288.420013	1.00000002E30	
648584.344	3876310	286.899994	1.00000002E30	
648888.375	3876310	284.140015	1.00000002E30	
649192.406	3876310	284.914993	1.00000002E30	
649496.469	3876310	284.105011	275	
649800.5	3876310	278.639999	274.797943	
650104.531	3876310	276.309998	274.636902	
650408.594	3876310	276.759995	275.828125	
650712.625	3876310	278.360001	276.008179	
651016.656	3876310	280.090012	275	
651320.719	3876310	278.580002	1.00000002E30	
651624.75	3876310	249.080002	1.00000002E30	
651928.875	3876310	227.020004	1.00000002E30	
646152.031	3875931.5	265.220001	1.00000002E30	
646456.063	3875931.5	268.049988	1.00000002E30	
646760.094	3875931.5	269.519989	1.00000002E30	
647064.156	3875931.5	269.75	1.00000002E30	
647368.188	3875931.5	274.170013	1.00000002E30	
647672.219	3875931.5	278.859985	1.00000002E30	
647976.25	3875931.5	285.959991	1.00000002E30	
648280.281	3875931.5	289.779999	1.00000002E30	
648584.344	3875931.5	291.130005	1.00000002E30	
648888.375	3875931.5	291.480011	285	
649192.406	3875931.5	291.115005	284	
649496.469	3875931.5	289.169998	283.099152	
649800.5	3875931.5	284.029999	282.08783	
650104.531	3875931.5	281.889999	281.030518	
650408.594	3875931.5	282.334991	279.336487	
650712.625	3875931.5	282.175003	279.152313	
651016.656	3875931.5	283.940002	279	
651320.719	3875931.5	266.040009	1.00000002E30	
651624.75	3875931.5	245.820007	1.00000002E30	
651928.875	3875931.5	263.649994	1.00000002E30	
646152.031	3875553	268.630005	1.00000002E30	
646456.063	3875553	270.48999	1.00000002E30	
646760.094	3875553	275.519989	1.00000002E30	
647064.156	3875553	275.98999	1.00000002E30	
647368.188	3875553	277.890015	1.00000002E30	
647672.219	3875553	284.140015	1.00000002E30	
647976.25	3875553	289.549988	1.00000002E30	
648280.281	3875553	294.170013	1.00000002E30	
648584.344	3875553	296.610001	291	
648888.375	3875553	296.899994	295.224823	
649192.406	3875553	295.5	294.34024	
649496.469	3875553	293.290009	289.459412	
649800.5	3875553	290.169998	287.772278	
650104.531	3875553	287.029999	287.495209	
650408.594	3875553	288.014999	284.676849	
650712.625	3875553	286.345001	282.532562	
651016.656	3875553	286.759995	282	
651320.719	3875553	287.659988	1.00000002E30	
651624.75	3875553	270.690002	1.00000002E30	
651928.875	3875553	275.399994	1.00000002E30	
646152.031	3875174.38	272.140015	1.00000002E30	
646456.063	3875174.38	269.854996	1.00000002E30	
646760.094	3875174.38	281.459991	1.00000002E30	
647064.156	3875174.38	282.220001	1.00000002E30	
647368.188	3875174.38	286.970001	1.00000002E30	
647672.219	3875174.38	292.019989	1.00000002E30	
647976.25	3875174.38	293.820007	1.00000002E30	
648280.281	3875174.38	303.5	1.00000002E30	
648584.344	3875174.38	301.950012	296	
648888.375	3875174.38	299.150009	298.628235	
649192.406	3875174.38	297.380005	297.797272	
649496.469	3875174.38	295.665009	295.30899	
649800.5	3875174.38	291.270004	292.217926	
650104.531	3875174.38	288.839996	290.414764	
650408.594	3875174.38	290.395004	289.577606	
650712.625	3875174.38	292.139999	286	
651016.656	3875174.38	289.285004	1.00000002E30	
651320.719	3875174.38	293.369995	1.00000002E30	
651624.75	3875174.38	288.779999	1.00000002E30	
651928.875	3875174.38	273.98999	1.00000002E30	
646152.031	3874795.75	273.190002	1.00000002E30	
646456.063	3874795.75	273.550003	1.00000002E30	
646760.094	3874795.75	284.945007	1.00000002E30	
647064.156	3874795.75	287.26001	1.00000002E30	
647368.188	3874795.75	292.720001	1.00000002E30	
647672.219	3874795.75	302.570007	1.00000002E30	
647976.25	3874795.75	303.809998	1.00000002E30	
648280.281	3874795.75	303.420013	298	
648584.344	3874795.75	302.709991	301.00824	
648888.375	3874795.75	302.690002	299.495605	
649192.406	3874795.75	300.505005	298.674225	
649496.469	3874795.75	298.949997	297.868378	
649800.5	3874795.75	295.130005	296.32135	
650104.531	3874795.75	294.955002	294.182983	
650408.594	3874795.75	294.429993	293.006134	
650712.625	3874795.75	296.919998	290	
651016.656	3874795.75	294.154999	1.00000002E30	
651320.719	3874795.75	299.050003	1.00000002E30	
651624.75	3874795.75	292.51001	1.00000002E30	
651928.875	3874795.75	292.440002	1.00000002E30	
646152.031	3874417.25	281.399994	1.00000002E30	
646456.063	3874417.25	277.844986	1.00000002E30	
646760.094	3874417.25	286.154999	1.00000002E30	
647064.156	3874417.25	293.149994	1.00000002E30	
647368.188	3874417.25	300.519989	1.00000002E30	
647672.219	3874417.25	306.790009	1.00000002E30	
647976.25	3874417.25	307.630005	300	
648280.281	3874417.25	306.25	305.028839	
648584.344	3874417.25	304.670013	304.109406	
648888.375	3874417.25	303.585007	302.213196	
649192.406	3874417.25	302.304993	300.312592	
649496.469	3874417.25	300.62999	298.813629	
649800.5	3874417.25	299.75499	298.309845	
650104.531	3874417.25	299.790009	297.366333	
650408.594	3874417.25	297.335007	296.625549	
650712.625	3874417.25	299.514999	294	
651016.656	3874417.25	301.48999	1.00000002E30	
651320.719	3874417.25	303.459991	1.00000002E30	
651624.75	3874417.25	295.329987	1.00000002E30	
651928.875	3874417.25	298.640015	1.00000002E30	
646152.031	3874038.75	291.890015	1.00000002E30	
646456.063	3874038.75	287.224991	1.00000002E30	
646760.094	3874038.75	291.544998	1.00000002E30	
647064.156	3874038.75	294.720001	1.00000002E30	
647368.188	3874038.75	306.329987	1.00000002E30	
647672.219	3874038.75	313.890015	1.00000002E30	
647976.25	3874038.75	312.899994	305	
648280.281	3874038.75	312.529999	306.698425	
648584.344	3874038.75	312.110001	304.82608	
648888.375	3874038.75	310.38501	303.515656	
649192.406	3874038.75	306.214996	301.854889	
649496.469	3874038.75	302.895004	300.393463	
649800.5	3874038.75	299.529999	299.380096	
650104.531	3874038.75	298.279999	299.083893	
650408.594	3874038.75	298.930008	298.739532	
650712.625	3874038.75	299.964996	298.379272	
651016.656	3874038.75	302.289993	297	
651320.719	3874038.75	303.290009	1.00000002E30	
651624.75	3874038.75	302.079987	1.00000002E30	
651928.875	3874038.75	302.230011	1.00000002E30	
646152.031	3873660.13	290.269989	1.00000002E30	
646456.063	3873660.13	296.100006	1.00000002E30	
646760.094	3873660.13	301.839996	1.00000002E30	
647064.156	3873660.13	305.929993	1.00000002E30	
647368.188	3873660.13	309.354996	1.00000002E30	
647672.219	3873660.13	314.63501	307	
647976.25	3873660.13	314.964996	314.277252	
648280.281	3873660.13	317.065002	317.345764	
648584.344	3873660.13	315.649994	314.200928	
648888.375	3873660.13	312.714996	307.324738	
649192.406	3873660.13	308.98999	305.74411	
649496.469	3873660.13	305.725006	303.686859	
649800.5	3873660.13	304.029999	302.338989	
650104.531	3873660.13	303.599991	301.562286	
650408.594	3873660.13	302.649994	300.359955	
650712.625	3873660.13	305.304993	299.145355	
651016.656	3873660.13	305.820007	300	
651320.719	3873660.13	309.679993	1.00000002E30	
651624.75	3873660.13	306.790009	1.00000002E30	
651928.875	3873660.13	307.75	1.00000002E30	
646152.031	3873281.5	289.309998	1.00000002E30	
646456.063	3873281.5	308.75	1.00000002E30	
646760.094	3873281.5	308.720001	1.00000002E30	
647064.156	3873281.5	317.889999	1.00000002E30	
647368.188	3873281.5	321.434998	1.00000002E30	
647672.219	3873281.5	314.830002	310	
647976.25	3873281.5	318.414993	318.079132	
648280.281	3873281.5	319.86499	323.412994	
648584.344	3873281.5	319.784988	321.631958	
648888.375	3873281.5	315.615005	315.957794	
649192.406	3873281.5	312.860001	309.117615	
649496.469	3873281.5	308.360001	307.842621	
649800.5	3873281.5	307.12001	306.119629	
650104.531	3873281.5	305.12001	305.081665	
650408.594	3873281.5	306.690002	303.774628	
650712.625	3873281.5	308.595001	303	
651016.656	3873281.5	318.470001	1.00000002E30	
651320.719	3873281.5	314.839996	1.00000002E30	
651624.75	3873281.5	317.420013	1.00000002E30	
651928.875	3873281.5	311.910004	1.00000002E30	
646152.031	3872903	299.619995	1.00000002E30	
646456.063	3872903	308	1.00000002E30	
646760.094	3872903	322.48999	1.00000002E30	
647064.156	3872903	327.12999	1.00000002E30	
647368.188	3872903	326.75499	1.00000002E30	
647672.219	3872903	316.184998	312	
647976.25	3872903	319.529999	313.893097	
648280.281	3872903	319.344986	320.208282	
648584.344	3872903	318.490005	321.683899	
648888.375	3872903	317.154999	316.995911	
649192.406	3872903	312.125	309.418671	
649496.469	3872903	309.589996	309.186584	
649800.5	3872903	307.199997	308.480499	
650104.531	3872903	308.979996	307.65863	
650408.594	3872903	310.955002	305	
650712.625	3872903	328.829987	1.00000002E30	
651016.656	3872903	325.059998	1.00000002E30	
651320.719	3872903	323.23999	1.00000002E30	
651624.75	3872903	322.179993	1.00000002E30	
651928.875	3872903	318.279999	1.00000002E30	
646152.031	3872524.5	313.709991	1.00000002E30	
646456.063	3872524.5	303.890015	1.00000002E30	
646760.094	3872524.5	323.200012	1.00000002E30	
647064.156	3872524.5	338.395004	1.00000002E30	
647368.188	3872524.5	318.149994	313	
647672.219	3872524.5	317.25	314.730103	
647976.25	3872524.5	318.319992	315.483185	
648280.281	3872524.5	318.849991	316.794312	
648584.344	3872524.5	320.445007	317.707367	
648888.375	3872524.5	318.315002	314.464783	
649192.406	3872524.5	315.264999	310.785339	
649496.469	3872524.5	311.770004	309.186066	
649800.5	3872524.5	310.779999	309	
650104.531	3872524.5	313.044998	309	
650408.594	3872524.5	337.820007	1.00000002E30	
650712.625	3872524.5	339.029999	1.00000002E30	
651016.656	3872524.5	336.76001	1.00000002E30	
651320.719	3872524.5	332.76001	1.00000002E30	
651624.75	3872524.5	335.670013	1.00000002E30	
651928.875	3872524.5	315.01001	1.00000002E30	
646152.031	3872146	320.619995	1.00000002E30	
646456.063	3872146	320.299988	1.00000002E30	
646760.094	3872146	315.970001	1.00000002E30	
647064.156	3872146	324.359985	1.00000002E30	
647368.188	3872146	323.660004	317	
647672.219	3872146	322.525009	321.228516	
647976.25	3872146	323.675003	322.576172	
648280.281	3872146	324.970001	322.823334	
648584.344	3872146	323.474991	322.896637	
648888.375	3872146	320.544998	321.392792	
649192.406	3872146	317.904999	318.88324	
649496.469	3872146	317.095001	314	
649800.5	3872146	339.069992	1.00000002E30	
650104.531	3872146	343.959991	1.00000002E30	
650408.594	3872146	350.679993	1.00000002E30	
650712.625	3872146	349.899994	1.00000002E30	
651016.656	3872146	345.440002	1.00000002E30	
651320.719	3872146	348.209991	1.00000002E30	
651624.75	3872146	341.540009	1.00000002E30	
651928.875	3872146	302.959991	1.00000002E30	
646152.031	3871767.38	336.119995	1.00000002E30	
646456.063	3871767.38	332.440002	1.00000002E30	
646760.094	3871767.38	329.790009	1.00000002E30	
647064.156	3871767.38	335	1.00000002E30	
647368.188	3871767.38	329.709991	322	
647672.219	3871767.38	329.315002	328.298431	
647976.25	3871767.38	327.039993	328.767059	
648280.281	3871767.38	327.149994	327.728485	
648584.344	3871767.38	324.634995	326.411346	
648888.375	3871767.38	323.299988	326.614563	
649192.406	3871767.38	324.035004	326.703125	
649496.469	3871767.38	324.729996	326.742554	
649800.5	3871767.38	326.290009	319	
650104.531	3871767.38	327.160004	320	
650408.594	3871767.38	360.019989	1.00000002E30	
650712.625	3871767.38	363.170013	1.00000002E30	
651016.656	3871767.38	358.410004	1.00000002E30	
651320.719	3871767.38	366.144989	1.00000002E30	
651624.75	3871767.38	357.445007	1.00000002E30	
651928.875	3871767.38	296.109985	1.00000002E30	
646152.031	3871388.75	346.619995	1.00000002E30	
646456.063	3871388.75	340.059998	1.00000002E30	
646760.094	3871388.75	340.079987	1.00000002E30	
647064.156	3871388.75	335.920013	329	
647368.188	3871388.75	334.880005	331.77298	
647672.219	3871388.75	332.980011	331.426758	
647976.25	3871388.75	330.884995	330.470062	
648280.281	3871388.75	328.779999	330.214752	
648584.344	3871388.75	327.794998	329.461578	
648888.375	3871388.75	327.784988	328.070343	
649192.406	3871388.75	326.900009	327.677277	
649496.469	3871388.75	327.955002	327.800903	
649800.5	3871388.75	329.269989	328.629089	
650104.531	3871388.75	330.209991	329.062866	
650408.594	3871388.75	332.079987	326	
650712.625	3871388.75	333.809998	327	
651016.656	3871388.75	335.470001	328	
651320.719	3871388.75	335.669998	328	
651624.75	3871388.75	355.579987	1.00000002E30	
651928.875	3871388.75	312.899994	1.00000002E30	
646152.031	3871010.25	362.299988	1.00000002E30	
646456.063	3871010.25	359.660004	1.00000002E30	
646760.094	3871010.25	353.119995	1.00000002E30	
647064.156	3871010.25	341.679993	335	
647368.188	3871010.25	338.339996	332.822968	
647672.219	3871010.25	336.079987	332.677032	
647976.25	3871010.25	333.724991	332.46524	
648280.281	3871010.25	331.964996	332.81366	
648584.344	3871010.25	331.305008	332.896667	
648888.375	3871010.25	332.209991	332.586395	
649192.406	3871010.25	332.625	332.168701	
649496.469	3871010.25	334.190002	331.743256	
649800.5	3871010.25	336.25	332.736969	
650104.531	3871010.25	337.390015	334.598572	
650408.594	3871010.25	338.470001	338.484314	
650712.625	3871010.25	340.920013	338.895233	
651016.656	3871010.25	341.200012	337.056854	
651320.719	3871010.25	342.720001	336.771057	
651624.75	3871010.25	342.170013	335	
651928.875	3871010.25	330.209991	1.00000002E30	
646152.031	3870631.75	385.320007	1.00000002E30	
646456.063	3870631.75	373.970001	1.00000002E30	
646760.094	3870631.75	362.269989	1.00000002E30	
647064.156	3870631.75	347.209991	340	
647368.188	3870631.75	345.209991	340.680359	
647672.219	3870631.75	340.75	339.82074	
647976.25	3870631.75	338.165009	337.759766	
648280.281	3870631.75	335.37001	336.999817	
648584.344	3870631.75	335.805008	336.657318	
648888.375	3870631.75	337.75	338.421204	
649192.406	3870631.75	339.630005	338.799957	
649496.469	3870631.75	343.660004	344.425995	
649800.5	3870631.75	345.940002	347.800751	
650104.531	3870631.75	346.640015	349.101105	
650408.594	3870631.75	347.459991	347.763153	
650712.625	3870631.75	347.459991	347.878845	
651016.656	3870631.75	348.149994	346.443329	
651320.719	3870631.75	349.98999	347.370911	
651624.75	3870631.75	349.51001	342	
651928.875	3870631.75	355.959991	1.00000002E30	
646152.031	3870253.25	397.549988	1.00000002E30	
646456.063	3870253.25	384.190002	1.00000002E30	
646760.094	3870253.25	356.26001	348	
647064.156	3870253.25	353.269989	352.281738	
647368.188	3870253.25	350.160004	350.539459	
647672.219	3870253.25	345.380005	348.675171	
647976.25	3870253.25	342.244995	345.958466	
648280.281	3870253.25	341.134995	343.023987	
648584.344	3870253.25	342.915009	342.145721	
648888.375	3870253.25	345.600006	346.189178	
649192.406	3870253.25	348.339996	352.832306	
649496.469	3870253.25	354.390015	359.747955	
649800.5	3870253.25	358.109985	361.07016	
650104.531	3870253.25	360.660004	358.743774	
650408.594	3870253.25	360.190002	356.553253	
650712.625	3870253.25	359.98999	357.098846	
651016.656	3870253.25	358.119995	357.260284	
651320.719	3870253.25	357.079987	358.237152	
651624.75	3870253.25	356.029999	354.387573	
651928.875	3870253.25	355.170013	348	
646152.031	3869874.63	407.859985	1.00000002E30	
646456.063	3869874.63	397.089996	1.00000002E30	
646760.094	3869874.63	361.230011	353	
647064.156	3869874.63	357.600006	354.249878	
647368.188	3869874.63	354.809998	355.033966	
647672.219	3869874.63	352.709991	353.951874	
647976.25	3869874.63	350.719986	353.009705	
648280.281	3869874.63	350.604996	352.799805	
648584.344	3869874.63	352.384995	353.35379	
648888.375	3869874.63	354	358.716644	
649192.406	3869874.63	359.279999	364.036896	
649496.469	3869874.63	366.350006	365.984894	
649800.5	3869874.63	372.890015	371.23819	
650104.531	3869874.63	374.950012	371.888458	
650408.594	3869874.63	372.220001	368.926086	
650712.625	3869874.63	369.410004	365.452148	
651016.656	3869874.63	367.059998	362.363739	
651320.719	3869874.63	365.799988	358.724426	
651624.75	3869874.63	362.850006	361.075989	
651928.875	3869874.63	363.660004	354	
646152.031	3869496	412	1.00000002E30	
646456.063	3869496	397.410004	1.00000002E30	
646760.094	3869496	366.190002	358	
647064.156	3869496	363.450012	360.108795	
647368.188	3869496	360.100006	359.980865	
647672.219	3869496	358.070007	359.750336	
647976.25	3869496	359.490005	359.854645	
648280.281	3869496	359.809998	360.309235	
648584.344	3869496	361.854996	363.329041	
648888.375	3869496	364.604996	367.681854	
649192.406	3869496	367.519989	370.852112	
649496.469	3869496	375.01001	376.667969	
649800.5	3869496	381.48999	383.314178	
650104.531	3869496	384.200012	385.430664	
650408.594	3869496	383.959991	381.362793	
650712.625	3869496	377.959991	374.38147	
651016.656	3869496	374.720001	371.812286	
651320.719	3869496	371.170013	367.197327	
651624.75	3869496	369.869995	367.389313	
651928.875	3869496	369.059998	361	
646152.031	3869117.5	407.380005	1.00000002E30	
646456.063	3869117.5	373.220001	365	
646760.094	3869117.5	369.579987	369.759766	
647064.156	3869117.5	367.98999	367.367798	
647368.188	3869117.5	365.980011	365.407104	
647672.219	3869117.5	364.315002	365.251648	
647976.25	3869117.5	364.414993	365.813538	
648280.281	3869117.5	365.815002	367.289276	
648584.344	3869117.5	367.925003	372.568329	
648888.375	3869117.5	372.50499	376.48056	
649192.406	3869117.5	375.799988	379.828888	
649496.469	3869117.5	383.559998	384.198029	
649800.5	3869117.5	389.119995	390.819489	
650104.531	3869117.5	394.480011	394.499878	
650408.594	3869117.5	388.679993	390.539276	
650712.625	3869117.5	385.350006	383.211731	
651016.656	3869117.5	381.480011	380.449066	
651320.719	3869117.5	429.26001	373.379211	
651624.75	3869117.5	377.100006	368.003296	
651928.875	3869117.5	375.730011	367	
646152.031	3868739	397.570007	1.00000002E30	
646456.063	3868739	379.429993	371	
646760.094	3868739	375.679993	373.868195	
647064.156	3868739	373.48999	372.687347	
647368.188	3868739	371.339996	370.524872	
647672.219	3868739	370.330002	370.080017	
647976.25	3868739	369.775009	369.073456	
648280.281	3868739	371.240005	374.175568	
648584.344	3868739	374.514999	380.186584	
648888.375	3868739	379.714996	384.134796	
649192.406	3868739	385.670013	387.293945	
649496.469	3868739	391.029999	390.204681	
649800.5	3868739	396.029999	395.031647	
650104.531	3868739	399.440002	397.398041	
650408.594	3868739	398.140015	396.17334	
650712.625	3868739	395.820007	392.191193	
651016.656	3868739	392.26001	389.622406	
651320.719	3868739	389.5	387.254272	
651624.75	3868739	385.829987	380.023041	
651928.875	3868739	382.839996	374	
646152.031	3868360.5	386.799988	379	
646456.063	3868360.5	383.549988	380.268311	
646760.094	3868360.5	380.399994	378.411041	
647064.156	3868360.5	377.73999	376.867126	
647368.188	3868360.5	375.375	375.472504	
647672.219	3868360.5	374.565002	374.084534	
647976.25	3868360.5	375.785004	376.963379	
648280.281	3868360.5	377.845001	383.423218	
648584.344	3868360.5	382.154999	388.08609	
648888.375	3868360.5	388.894989	392.03775	
649192.406	3868360.5	396.660004	395.653015	
649496.469	3868360.5	403.420013	403.669647	
649800.5	3868360.5	407.089996	410.286346	
650104.531	3868360.5	410.609985	413.06546	
650408.594	3868360.5	411.23999	411.475739	
650712.625	3868360.5	408.179993	408.750824	
651016.656	3868360.5	405.950012	405.428497	
651320.719	3868360.5	401.369995	401.000275	
651624.75	3868360.5	394.619995	392.170135	
651928.875	3868360.5	390.700012	380	
646152.031	3867981.88	391.98999	385	
646456.063	3867981.88	387.709991	383.721466	
646760.094	3867981.88	384.809998	381.873108	
647064.156	3867981.88	381.23999	379.521759	
647368.188	3867981.88	379.304993	378.992065	
647672.219	3867981.88	380.595001	380.495941	
647976.25	3867981.88	382.940002	385.790527	
648280.281	3867981.88	386.600006	390.55249	
648584.344	3867981.88	391.095001	395.369659	
648888.375	3867981.88	398.214996	400.532471	
649192.406	3867981.88	408.170013	407.290253	
649496.469	3867981.88	414.410004	416.053619	
649800.5	3867981.88	419.230011	421.531769	
650104.531	3867981.88	422.75	424.639862	
650408.594	3867981.88	424.309998	427.136871	
650712.625	3867981.88	423	425.221405	
651016.656	3867981.88	421.540009	421.273438	
651320.719	3867981.88	413.540009	415.25235	
651624.75	3867981.88	405.440002	407.651062	
651928.875	3867981.88	398.049988	387	
646152.031	3867603.25	391.670013	388	
646456.063	3867603.25	390.350006	386.977203	
646760.094	3867603.25	388.440002	384.706818	
647064.156	3867603.25	385.039993	383.310822	
647368.188	3867603.25	385.580002	382.909393	
647672.219	3867603.25	387.009995	386.083832	
647976.25	3867603.25	391.119995	390.944397	
648280.281	3867603.25	396.089996	396.131836	
648584.344	3867603.25	400.975006	401.897919	
648888.375	3867603.25	408.335007	408.530518	
649192.406	3867603.25	416.130005	415.415833	
649496.469	3867603.25	423.029999	422.102295	
649800.5	3867603.25	427.179993	427.0979	
650104.531	3867603.25	430.790009	431.02713	
650408.594	3867603.25	432.829987	434.279297	
650712.625	3867603.25	433.890015	434.998627	
651016.656	3867603.25	430.480011	430.034088	
651320.719	3867603.25	421.410004	421.673492	
651624.75	3867603.25	410.570007	415.218964	
651928.875	3867603.25	402.519989	395	
646152.031	3867287	395.350006	392	
646456.063	3867287	392.529999	389.973541	
646760.094	3867287	390.559998	386.979553	
647064.156	3867287	388.490005	385.987488	
647368.188	3867287	388.455002	386.954681	
647672.219	3867287	391.924988	388.017426	
647976.25	3867287	396.285004	392.017853	
648280.281	3867287	401.770004	398.002625	
648584.344	3867287	410.275009	405.005066	
648888.375	3867287	416.729996	412.995148	
649192.406	3867287	423.26001	419.98526	
649496.469	3867287	429.019989	426.954437	
649800.5	3867287	432.850006	430.979034	
650104.531	3867287	436.709991	434.960785	
650408.594	3867287	438.200012	436.959198	
650712.625	3867287	438.359985	435.951965	
651016.656	3867287	433.190002	429.004242	
651320.719	3867287	425.269989	417.032806	
651624.75	3867287	414.420013	406.064697	
651928.875	3867287	406.299988	400	
