Layer 1
X	Y	Z	Head	
646152.031	3881974.88	185.889999	1.00000002E30	
646456.063	3881974.88	137.539993	1.00000002E30	
646760.094	3881974.88	150.050003	1.00000002E30	
647064.156	3881974.88	174.32	1.00000002E30	
647368.188	3881974.88	208.365005	207.005005	
647672.219	3881974.88	209.439995	207.007996	
647976.25	3881974.88	212.889999	210.014008	
648280.281	3881974.88	140.294998	1.00000002E30	
648584.344	3881974.88	134.797501	1.00000002E30	
648888.375	3881974.88	120.526501	1.00000002E30	
649192.406	3881974.88	108.429497	1.00000002E30	
649496.469	3881974.88	102.470499	1.00000002E30	
649800.5	3881974.88	97.7859993	1.00000002E30	
650104.531	3881974.88	97.729497	1.00000002E30	
650408.594	3881974.88	108.757164	1.00000002E30	
650712.625	3881974.88	101.629501	1.00000002E30	
651016.656	3881974.88	95.9945011	1.00000002E30	
651320.719	3881974.88	86.3494968	1.00000002E30	
651624.75	3881974.88	80.2615013	1.00000002E30	
651928.875	3881974.88	69.7884979	1.00000002E30	
646152.031	3881590.13	186.509995	1.00000002E30	
646456.063	3881590.13	147.720001	1.00000002E30	
646760.094	3881590.13	146.690002	1.00000002E30	
647064.156	3881590.13	209.880005	208.014008	
647368.188	3881590.13	207.435005	207.162857	
647672.219	3881590.13	208.355003	208.046127	
647976.25	3881590.13	212.005005	212.289383	
648280.281	3881590.13	217.794998	216.011002	
648584.344	3881590.13	179.860001	1.00000002E30	
648888.375	3881590.13	157.57	1.00000002E30	
649192.406	3881590.13	138.579998	1.00000002E30	
649496.469	3881590.13	128.599998	1.00000002E30	
649800.5	3881590.13	125.358501	1.00000002E30	
650104.531	3881590.13	124.213001	1.00000002E30	
650408.594	3881590.13	124.726	1.00000002E30	
650712.625	3881590.13	110.130503	1.00000002E30	
651016.656	3881590.13	101.451949	1.00000002E30	
651320.719	3881590.13	102.911504	1.00000002E30	
651624.75	3881590.13	99.3380013	1.00000002E30	
651928.875	3881590.13	88.6049995	1.00000002E30	
646152.031	3881231.25	185.389999	1.00000002E30	
646456.063	3881231.25	206.970001	1.00000002E30	
646760.094	3881231.25	167.389999	1.00000002E30	
647064.156	3881231.25	210.899994	207.014008	
647368.188	3881231.25	208.210007	204.488388	
647672.219	3881231.25	209.099998	204.681488	
647976.25	3881231.25	211.295006	207.821579	
648280.281	3881231.25	218.43	215.011002	
648584.344	3881231.25	227.25	1.00000002E30	
648888.375	3881231.25	204.979996	1.00000002E30	
649192.406	3881231.25	163.270004	1.00000002E30	
649496.469	3881231.25	152.470001	1.00000002E30	
649800.5	3881231.25	155.5	1.00000002E30	
650104.531	3881231.25	157.889999	1.00000002E30	
650408.594	3881231.25	173.460007	1.00000002E30	
650712.625	3881231.25	189.184998	1.00000002E30	
651016.656	3881231.25	172.82	1.00000002E30	
651320.719	3881231.25	150.9035	1.00000002E30	
651624.75	3881231.25	127.185	1.00000002E30	
651928.875	3881231.25	111.037994	1.00000002E30	
646152.031	3880852.63	218.910004	1.00000002E30	
646456.063	3880852.63	221.580002	1.00000002E30	
646760.094	3880852.63	222.789993	1.00000002E30	
647064.156	3880852.63	207.529999	1.00000002E30	
647368.188	3880852.63	211.619995	208.014008	
647672.219	3880852.63	211.949997	208.016006	
647976.25	3880852.63	212.964996	208.787369	
648280.281	3880852.63	217.110001	213.050842	
648584.344	3880852.63	223.730003	220.011002	
648888.375	3880852.63	226.605003	224.007996	
649192.406	3880852.63	211.210007	1.00000002E30	
649496.469	3880852.63	175.660004	1.00000002E30	
649800.5	3880852.63	165.139999	1.00000002E30	
650104.531	3880852.63	160.320007	1.00000002E30	
650408.594	3880852.63	163.850006	1.00000002E30	
650712.625	3880852.63	174.229996	1.00000002E30	
651016.656	3880852.63	174.599998	1.00000002E30	
651320.719	3880852.63	165.880001	1.00000002E30	
651624.75	3880852.63	152.333	1.00000002E30	
651928.875	3880852.63	112.807052	1.00000002E30	
646152.031	3880474	226.929993	1.00000002E30	
646456.063	3880474	239.559998	1.00000002E30	
646760.094	3880474	234.119995	1.00000002E30	
647064.156	3880474	228.410004	1.00000002E30	
647368.188	3880474	231.834999	1.00000002E30	
647672.219	3880474	216.470001	213.014008	
647976.25	3880474	218.459999	213.930832	
648280.281	3880474	220.07	216.41124	
648584.344	3880474	224.525002	220.926743	
648888.375	3880474	229.315002	227.187256	
649192.406	3880474	233.190002	228.011002	
649496.469	3880474	232.820007	1.00000002E30	
649800.5	3880474	207.619995	1.00000002E30	
650104.531	3880474	177.630005	1.00000002E30	
650408.594	3880474	166.419998	1.00000002E30	
650712.625	3880474	167.240005	1.00000002E30	
651016.656	3880474	175.25	1.00000002E30	
651320.719	3880474	164.970001	1.00000002E30	
651624.75	3880474	147.034996	1.00000002E30	
651928.875	3880474	116.687496	1.00000002E30	
646152.031	3880095.5	246.739998	1.00000002E30	
646456.063	3880095.5	252.809998	1.00000002E30	
646760.094	3880095.5	243.130005	1.00000002E30	
647064.156	3880095.5	241.169998	1.00000002E30	
647368.188	3880095.5	246.004997	1.00000002E30	
647672.219	3880095.5	240.875	1.00000002E30	
647976.25	3880095.5	226.014999	218.016006	
648280.281	3880095.5	227.105003	220.016006	
648584.344	3880095.5	228.57	225.027267	
648888.375	3880095.5	230.574997	229.054367	
649192.406	3880095.5	233.620003	234.594589	
649496.469	3880095.5	236.900002	233.014008	
649800.5	3880095.5	242.360001	237.014008	
650104.531	3880095.5	197.479996	1.00000002E30	
650408.594	3880095.5	181.889999	1.00000002E30	
650712.625	3880095.5	175.309998	1.00000002E30	
651016.656	3880095.5	176.710007	1.00000002E30	
651320.719	3880095.5	171.704994	1.00000002E30	
651624.75	3880095.5	157.739998	1.00000002E30	
651928.875	3880095.5	126.411503	1.00000002E30	
646152.031	3879717	263.650002	1.00000002E30	
646456.063	3879717	267.559998	1.00000002E30	
646760.094	3879717	268.450012	1.00000002E30	
647064.156	3879717	256.309998	1.00000002E30	
647368.188	3879717	256.320007	1.00000002E30	
647672.219	3879717	252.845001	1.00000002E30	
647976.25	3879717	254.660004	1.00000002E30	
648280.281	3879717	254.445007	1.00000002E30	
648584.344	3879717	233.425003	227.018997	
648888.375	3879717	234.439995	230.016006	
649192.406	3879717	236.440002	236.360886	
649496.469	3879717	240	240.705353	
649800.5	3879717	242.644997	245.806824	
650104.531	3879717	246.149994	243.011002	
650408.594	3879717	249.779999	245.007996	
650712.625	3879717	191.240005	1.00000002E30	
651016.656	3879717	176.820007	1.00000002E30	
651320.719	3879717	175.960007	1.00000002E30	
651624.75	3879717	182.455002	1.00000002E30	
651928.875	3879717	143.661499	1.00000002E30	
646152.031	3879338.5	278.405006	1.00000002E30	
646456.063	3879338.5	293.644989	1.00000002E30	
646760.094	3879338.5	283.949997	1.00000002E30	
647064.156	3879338.5	278.674988	1.00000002E30	
647368.188	3879338.5	274.269989	1.00000002E30	
647672.219	3879338.5	271.830002	1.00000002E30	
647976.25	3879338.5	268.764999	1.00000002E30	
648280.281	3879338.5	264.340012	1.00000002E30	
648584.344	3879338.5	259.409996	1.00000002E30	
648888.375	3879338.5	255.769997	1.00000002E30	
649192.406	3879338.5	243.059998	237.007996	
649496.469	3879338.5	242.975006	238.007996	
649800.5	3879338.5	244.435005	245.569183	
650104.531	3879338.5	247.095001	249.223785	
650408.594	3879338.5	248.509995	252.549118	
650712.625	3879338.5	250.200005	249.003006	
651016.656	3879338.5	192.160004	1.00000002E30	
651320.719	3879338.5	186.009995	1.00000002E30	
651624.75	3879338.5	207.375	1.00000002E30	
651928.875	3879338.5	189.410004	1.00000002E30	
646152.031	3878959.88	288.914993	1.00000002E30	
646456.063	3878959.88	303.324997	1.00000002E30	
646760.094	3878959.88	296.949997	1.00000002E30	
647064.156	3878959.88	293.714996	1.00000002E30	
647368.188	3878959.88	288.964996	1.00000002E30	
647672.219	3878959.88	284.964996	1.00000002E30	
647976.25	3878959.88	278.850006	1.00000002E30	
648280.281	3878959.88	271.23999	1.00000002E30	
648584.344	3878959.88	265.009995	1.00000002E30	
648888.375	3878959.88	259.850006	1.00000002E30	
649192.406	3878959.88	255.869995	1.00000002E30	
649496.469	3878959.88	246.864998	241.011002	
649800.5	3878959.88	246.404999	242.007996	
650104.531	3878959.88	247.095001	249.123062	
650408.594	3878959.88	249.800003	251.520111	
650712.625	3878959.88	254.409996	250.005005	
651016.656	3878959.88	219.75	1.00000002E30	
651320.719	3878959.88	188.75	1.00000002E30	
651624.75	3878959.88	215.990005	1.00000002E30	
651928.875	3878959.88	199.394997	1.00000002E30	
646152.031	3878581.25	284.395004	1.00000002E30	
646456.063	3878581.25	295.910004	1.00000002E30	
646760.094	3878581.25	297.940002	1.00000002E30	
647064.156	3878581.25	295.809998	1.00000002E30	
647368.188	3878581.25	290.209991	1.00000002E30	
647672.219	3878581.25	281.820007	1.00000002E30	
647976.25	3878581.25	277.480011	1.00000002E30	
648280.281	3878581.25	269.709991	1.00000002E30	
648584.344	3878581.25	263.779999	1.00000002E30	
648888.375	3878581.25	261.910004	1.00000002E30	
649192.406	3878581.25	262.470001	1.00000002E30	
649496.469	3878581.25	264.179993	1.00000002E30	
649800.5	3878581.25	253.485001	247.011002	
650104.531	3878581.25	253.215004	250.215683	
650408.594	3878581.25	253.865005	251.996521	
650712.625	3878581.25	255.720001	252.007996	
651016.656	3878581.25	249.284996	1.00000002E30	
651320.719	3878581.25	196.949997	1.00000002E30	
651624.75	3878581.25	194.479996	1.00000002E30	
651928.875	3878581.25	189.404999	1.00000002E30	
646152.031	3878202.75	282.544998	1.00000002E30	
646456.063	3878202.75	286.950012	1.00000002E30	
646760.094	3878202.75	290.609985	1.00000002E30	
647064.156	3878202.75	287.100006	1.00000002E30	
647368.188	3878202.75	290.609985	1.00000002E30	
647672.219	3878202.75	283.190002	1.00000002E30	
647976.25	3878202.75	272.399994	1.00000002E30	
648280.281	3878202.75	269.059998	1.00000002E30	
648584.344	3878202.75	272.980011	1.00000002E30	
648888.375	3878202.75	270.26001	1.00000002E30	
649192.406	3878202.75	270.730011	1.00000002E30	
649496.469	3878202.75	268.12999	1.00000002E30	
649800.5	3878202.75	258.264999	251.016006	
650104.531	3878202.75	257.019997	252.209946	
650408.594	3878202.75	258.239998	253.628799	
650712.625	3878202.75	261.290009	254.014008	
651016.656	3878202.75	238.169998	1.00000002E30	
651320.719	3878202.75	205.179993	1.00000002E30	
651624.75	3878202.75	189.009995	1.00000002E30	
651928.875	3878202.75	195.899994	1.00000002E30	
646152.031	3877824.25	276.410004	1.00000002E30	
646456.063	3877824.25	277.170013	1.00000002E30	
646760.094	3877824.25	281.25	1.00000002E30	
647064.156	3877824.25	286.98999	1.00000002E30	
647368.188	3877824.25	288.940002	1.00000002E30	
647672.219	3877824.25	282.049988	1.00000002E30	
647976.25	3877824.25	280	1.00000002E30	
648280.281	3877824.25	277.410004	1.00000002E30	
648584.344	3877824.25	275.480011	1.00000002E30	
648888.375	3877824.25	274.730011	1.00000002E30	
649192.406	3877824.25	272.410004	1.00000002E30	
649496.469	3877824.25	270.019989	1.00000002E30	
649800.5	3877824.25	262.284996	256.010986	
650104.531	3877824.25	261.439995	255.145218	
650408.594	3877824.25	262.215004	256.359344	
650712.625	3877824.25	262.445007	257.015991	
651016.656	3877824.25	250.449997	1.00000002E30	
651320.719	3877824.25	227.779999	1.00000002E30	
651624.75	3877824.25	198.990005	1.00000002E30	
651928.875	3877824.25	196.610001	1.00000002E30	
646152.031	3877445.75	271.399994	1.00000002E30	
646456.063	3877445.75	275.820007	1.00000002E30	
646760.094	3877445.75	286.149994	1.00000002E30	
647064.156	3877445.75	291.950012	1.00000002E30	
647368.188	3877445.75	293.350006	1.00000002E30	
647672.219	3877445.75	290.790009	1.00000002E30	
647976.25	3877445.75	288.420013	1.00000002E30	
648280.281	3877445.75	285.019989	1.00000002E30	
648584.344	3877445.75	281.160004	1.00000002E30	
648888.375	3877445.75	275.920013	1.00000002E30	
649192.406	3877445.75	274.320007	1.00000002E30	
649496.469	3877445.75	275.059998	1.00000002E30	
649800.5	3877445.75	266.565002	260.007996	
650104.531	3877445.75	265.415009	258.692657	
650408.594	3877445.75	265.860001	259.768585	
650712.625	3877445.75	265.709991	262.014008	
651016.656	3877445.75	269.48999	264.010986	
651320.719	3877445.75	238.039993	1.00000002E30	
651624.75	3877445.75	207.729996	1.00000002E30	
651928.875	3877445.75	200.570007	1.00000002E30	
646152.031	3877067.13	270.390015	1.00000002E30	
646456.063	3877067.13	277.519989	1.00000002E30	
646760.094	3877067.13	284.950012	1.00000002E30	
647064.156	3877067.13	292.059998	1.00000002E30	
647368.188	3877067.13	297.369995	1.00000002E30	
647672.219	3877067.13	296.899994	1.00000002E30	
647976.25	3877067.13	293.660004	1.00000002E30	
648280.281	3877067.13	288.459991	1.00000002E30	
648584.344	3877067.13	285.320007	1.00000002E30	
648888.375	3877067.13	279.970001	1.00000002E30	
649192.406	3877067.13	279.600006	1.00000002E30	
649496.469	3877067.13	280.395004	1.00000002E30	
649800.5	3877067.13	268.849991	263.010986	
650104.531	3877067.13	266.884995	262.621704	
650408.594	3877067.13	267.720001	263.684662	
650712.625	3877067.13	268.299988	266.066223	
651016.656	3877067.13	271.830002	268.010986	
651320.719	3877067.13	266.339996	1.00000002E30	
651624.75	3877067.13	231.360001	1.00000002E30	
651928.875	3877067.13	217.960007	1.00000002E30	
646152.031	3876688.5	267.100006	1.00000002E30	
646456.063	3876688.5	273.089996	1.00000002E30	
646760.094	3876688.5	280.950012	1.00000002E30	
647064.156	3876688.5	285.98999	1.00000002E30	
647368.188	3876688.5	296.279999	1.00000002E30	
647672.219	3876688.5	294.98999	1.00000002E30	
647976.25	3876688.5	289.600006	1.00000002E30	
648280.281	3876688.5	289.109985	1.00000002E30	
648584.344	3876688.5	284.809998	1.00000002E30	
648888.375	3876688.5	284.890015	1.00000002E30	
649192.406	3876688.5	287.390015	1.00000002E30	
649496.469	3876688.5	284.964996	1.00000002E30	
649800.5	3876688.5	270.744995	267.015991	
650104.531	3876688.5	268.410004	266.812164	
650408.594	3876688.5	270.125	267.94223	
650712.625	3876688.5	269.360001	270.611725	
651016.656	3876688.5	273.585007	271.010986	
651320.719	3876688.5	265.26001	1.00000002E30	
651624.75	3876688.5	241.490005	1.00000002E30	
651928.875	3876688.5	227.029999	1.00000002E30	
646152.031	3876310	260.339996	1.00000002E30	
646456.063	3876310	269.380005	1.00000002E30	
646760.094	3876310	273.790009	1.00000002E30	
647064.156	3876310	278.5	1.00000002E30	
647368.188	3876310	281.339996	1.00000002E30	
647672.219	3876310	282.429993	1.00000002E30	
647976.25	3876310	284.700012	1.00000002E30	
648280.281	3876310	288.420013	1.00000002E30	
648584.344	3876310	286.899994	1.00000002E30	
648888.375	3876310	284.140015	1.00000002E30	
649192.406	3876310	284.914993	1.00000002E30	
649496.469	3876310	284.105011	275.022003	
649800.5	3876310	278.639999	272.552979	
650104.531	3876310	276.309998	271.464478	
650408.594	3876310	276.759995	272.63858	
650712.625	3876310	278.360001	275.542908	
651016.656	3876310	280.090012	275.007996	
651320.719	3876310	278.580002	1.00000002E30	
651624.75	3876310	249.080002	1.00000002E30	
651928.875	3876310	227.020004	1.00000002E30	
646152.031	3875931.5	265.220001	1.00000002E30	
646456.063	3875931.5	268.049988	1.00000002E30	
646760.094	3875931.5	269.519989	1.00000002E30	
647064.156	3875931.5	269.75	1.00000002E30	
647368.188	3875931.5	274.170013	1.00000002E30	
647672.219	3875931.5	278.859985	1.00000002E30	
647976.25	3875931.5	285.959991	1.00000002E30	
648280.281	3875931.5	289.779999	1.00000002E30	
648584.344	3875931.5	291.130005	1.00000002E30	
648888.375	3875931.5	291.480011	285.019012	
649192.406	3875931.5	291.115005	284.019012	
649496.469	3875931.5	289.169998	280.866333	
649800.5	3875931.5	284.029999	277.411896	
650104.531	3875931.5	281.889999	276.23996	
650408.594	3875931.5	282.334991	277.41861	
650712.625	3875931.5	282.175003	280.404877	
651016.656	3875931.5	283.940002	279.007996	
651320.719	3875931.5	266.040009	1.00000002E30	
651624.75	3875931.5	245.820007	1.00000002E30	
651928.875	3875931.5	263.649994	1.00000002E30	
646152.031	3875553	268.630005	1.00000002E30	
646456.063	3875553	270.48999	1.00000002E30	
646760.094	3875553	275.519989	1.00000002E30	
647064.156	3875553	275.98999	1.00000002E30	
647368.188	3875553	277.890015	1.00000002E30	
647672.219	3875553	284.140015	1.00000002E30	
647976.25	3875553	289.549988	1.00000002E30	
648280.281	3875553	294.170013	1.00000002E30	
648584.344	3875553	296.610001	291.014008	
648888.375	3875553	296.899994	299.674744	
649192.406	3875553	295.5	291.662659	
649496.469	3875553	293.290009	285.671021	
649800.5	3875553	290.169998	282.146454	
650104.531	3875553	287.029999	280.915375	
650408.594	3875553	288.014999	282.017761	
650712.625	3875553	286.345001	285.116943	
651016.656	3875553	286.759995	282.010986	
651320.719	3875553	287.659988	1.00000002E30	
651624.75	3875553	270.690002	1.00000002E30	
651928.875	3875553	275.399994	1.00000002E30	
646152.031	3875174.38	272.140015	1.00000002E30	
646456.063	3875174.38	269.854996	1.00000002E30	
646760.094	3875174.38	281.459991	1.00000002E30	
647064.156	3875174.38	282.220001	1.00000002E30	
647368.188	3875174.38	286.970001	1.00000002E30	
647672.219	3875174.38	292.019989	1.00000002E30	
647976.25	3875174.38	293.820007	1.00000002E30	
648280.281	3875174.38	303.5	1.00000002E30	
648584.344	3875174.38	301.950012	296.007996	
648888.375	3875174.38	299.150009	304.013214	
649192.406	3875174.38	297.380005	296.208801	
649496.469	3875174.38	295.665009	290.291656	
649800.5	3875174.38	291.270004	286.716003	
650104.531	3875174.38	288.839996	285.40506	
650408.594	3875174.38	290.395004	286.460022	
650712.625	3875174.38	292.139999	286.007996	
651016.656	3875174.38	289.285004	1.00000002E30	
651320.719	3875174.38	293.369995	1.00000002E30	
651624.75	3875174.38	288.779999	1.00000002E30	
651928.875	3875174.38	273.98999	1.00000002E30	
646152.031	3874795.75	273.190002	1.00000002E30	
646456.063	3874795.75	273.550003	1.00000002E30	
646760.094	3874795.75	284.945007	1.00000002E30	
647064.156	3874795.75	287.26001	1.00000002E30	
647368.188	3874795.75	292.720001	1.00000002E30	
647672.219	3874795.75	302.570007	1.00000002E30	
647976.25	3874795.75	303.809998	1.00000002E30	
648280.281	3874795.75	303.420013	298.007996	
648584.344	3874795.75	302.709991	316.846802	
648888.375	3874795.75	302.690002	308.114471	
649192.406	3874795.75	300.505005	300.604492	
649496.469	3874795.75	298.949997	294.81601	
649800.5	3874795.75	295.130005	291.334442	
650104.531	3874795.75	294.955002	289.949615	
650408.594	3874795.75	294.429993	290.835693	
650712.625	3874795.75	296.919998	290.010986	
651016.656	3874795.75	294.154999	1.00000002E30	
651320.719	3874795.75	299.050003	1.00000002E30	
651624.75	3874795.75	292.51001	1.00000002E30	
651928.875	3874795.75	292.440002	1.00000002E30	
646152.031	3874417.25	281.399994	1.00000002E30	
646456.063	3874417.25	277.844986	1.00000002E30	
646760.094	3874417.25	286.154999	1.00000002E30	
647064.156	3874417.25	293.149994	1.00000002E30	
647368.188	3874417.25	300.519989	1.00000002E30	
647672.219	3874417.25	306.790009	1.00000002E30	
647976.25	3874417.25	307.630005	300.014008	
648280.281	3874417.25	306.25	328.303009	
648584.344	3874417.25	304.670013	319.607025	
648888.375	3874417.25	303.585007	311.518036	
649192.406	3874417.25	302.304993	304.371796	
649496.469	3874417.25	300.62999	298.84906	
649800.5	3874417.25	299.75499	295.522064	
650104.531	3874417.25	299.790009	294.100739	
650408.594	3874417.25	297.335007	294.770538	
650712.625	3874417.25	299.514999	294.005005	
651016.656	3874417.25	301.48999	1.00000002E30	
651320.719	3874417.25	303.459991	1.00000002E30	
651624.75	3874417.25	295.329987	1.00000002E30	
651928.875	3874417.25	298.640015	1.00000002E30	
646152.031	3874038.75	291.890015	1.00000002E30	
646456.063	3874038.75	287.224991	1.00000002E30	
646760.094	3874038.75	291.544998	1.00000002E30	
647064.156	3874038.75	294.720001	1.00000002E30	
647368.188	3874038.75	306.329987	1.00000002E30	
647672.219	3874038.75	313.890015	1.00000002E30	
647976.25	3874038.75	312.899994	305.015991	
648280.281	3874038.75	312.529999	329.522705	
648584.344	3874038.75	312.110001	321.59259	
648888.375	3874038.75	310.38501	314.216675	
649192.406	3874038.75	306.214996	307.629791	
649496.469	3874038.75	302.895004	302.485779	
649800.5	3874038.75	299.529999	299.273193	
650104.531	3874038.75	298.279999	297.912781	
650408.594	3874038.75	298.930008	298.335297	
650712.625	3874038.75	299.964996	300.294464	
651016.656	3874038.75	302.289993	297.005005	
651320.719	3874038.75	303.290009	1.00000002E30	
651624.75	3874038.75	302.079987	1.00000002E30	
651928.875	3874038.75	302.230011	1.00000002E30	
646152.031	3873660.13	290.269989	1.00000002E30	
646456.063	3873660.13	296.100006	1.00000002E30	
646760.094	3873660.13	301.839996	1.00000002E30	
647064.156	3873660.13	305.929993	1.00000002E30	
647368.188	3873660.13	309.354996	1.00000002E30	
647672.219	3873660.13	314.63501	307.015991	
647976.25	3873660.13	314.964996	336.423431	
648280.281	3873660.13	317.065002	329.993958	
648584.344	3873660.13	315.649994	323.028076	
648888.375	3873660.13	312.714996	316.309326	
649192.406	3873660.13	308.98999	310.448853	
649496.469	3873660.13	305.725006	305.789032	
649800.5	3873660.13	304.029999	302.812897	
650104.531	3873660.13	303.599991	301.353424	
650408.594	3873660.13	302.649994	301.565582	
650712.625	3873660.13	305.304993	303.048737	
651016.656	3873660.13	305.820007	300.007996	
651320.719	3873660.13	309.679993	1.00000002E30	
651624.75	3873660.13	306.790009	1.00000002E30	
651928.875	3873660.13	307.75	1.00000002E30	
646152.031	3873281.5	289.309998	1.00000002E30	
646456.063	3873281.5	308.75	1.00000002E30	
646760.094	3873281.5	308.720001	1.00000002E30	
647064.156	3873281.5	317.889999	1.00000002E30	
647368.188	3873281.5	321.434998	1.00000002E30	
647672.219	3873281.5	314.830002	310.010986	
647976.25	3873281.5	318.414993	335.247681	
648280.281	3873281.5	319.86499	329.84903	
648584.344	3873281.5	319.784988	323.872192	
648888.375	3873281.5	315.615005	318.127563	
649192.406	3873281.5	312.860001	313.055359	
649496.469	3873281.5	308.360001	308.87088	
649800.5	3873281.5	307.12001	306.183197	
650104.531	3873281.5	305.12001	304.759186	
650408.594	3873281.5	306.690002	304.68811	
650712.625	3873281.5	308.595001	303.007996	
651016.656	3873281.5	318.470001	1.00000002E30	
651320.719	3873281.5	314.839996	1.00000002E30	
651624.75	3873281.5	317.420013	1.00000002E30	
651928.875	3873281.5	311.910004	1.00000002E30	
646152.031	3872903	299.619995	1.00000002E30	
646456.063	3872903	308	1.00000002E30	
646760.094	3872903	322.48999	1.00000002E30	
647064.156	3872903	327.12999	1.00000002E30	
647368.188	3872903	326.75499	1.00000002E30	
647672.219	3872903	316.184998	312.005005	
647976.25	3872903	319.529999	333.63031	
648280.281	3872903	319.344986	329.26709	
648584.344	3872903	318.490005	324.329132	
648888.375	3872903	317.154999	319.559601	
649192.406	3872903	312.125	314.988373	
649496.469	3872903	309.589996	312.26767	
649800.5	3872903	307.199997	309.425446	
650104.531	3872903	308.979996	308.069061	
650408.594	3872903	310.955002	305.010986	
650712.625	3872903	328.829987	1.00000002E30	
651016.656	3872903	325.059998	1.00000002E30	
651320.719	3872903	323.23999	1.00000002E30	
651624.75	3872903	322.179993	1.00000002E30	
651928.875	3872903	318.279999	1.00000002E30	
646152.031	3872524.5	313.709991	1.00000002E30	
646456.063	3872524.5	303.890015	1.00000002E30	
646760.094	3872524.5	323.200012	1.00000002E30	
647064.156	3872524.5	338.395004	1.00000002E30	
647368.188	3872524.5	318.149994	313.007996	
647672.219	3872524.5	317.25	334.310211	
647976.25	3872524.5	318.319992	332.025146	
648280.281	3872524.5	318.849991	328.606842	
648584.344	3872524.5	320.445007	324.753235	
648888.375	3872524.5	318.315002	320.935364	
649192.406	3872524.5	315.264999	317.315308	
649496.469	3872524.5	311.770004	313.208618	
649800.5	3872524.5	310.779999	309.010986	
650104.531	3872524.5	313.044998	309.010986	
650408.594	3872524.5	337.820007	1.00000002E30	
650712.625	3872524.5	339.029999	1.00000002E30	
651016.656	3872524.5	336.76001	1.00000002E30	
651320.719	3872524.5	332.76001	1.00000002E30	
651624.75	3872524.5	335.670013	1.00000002E30	
651928.875	3872524.5	315.01001	1.00000002E30	
646152.031	3872146	320.619995	1.00000002E30	
646456.063	3872146	320.299988	1.00000002E30	
646760.094	3872146	315.970001	1.00000002E30	
647064.156	3872146	324.359985	1.00000002E30	
647368.188	3872146	323.660004	317.014008	
647672.219	3872146	322.525009	332.184967	
647976.25	3872146	323.675003	330.655029	
648280.281	3872146	324.970001	328.196716	
648584.344	3872146	323.474991	325.374847	
648888.375	3872146	320.544998	322.550873	
649192.406	3872146	317.904999	320.063049	
649496.469	3872146	317.095001	314.014008	
649800.5	3872146	339.069992	1.00000002E30	
650104.531	3872146	343.959991	1.00000002E30	
650408.594	3872146	350.679993	1.00000002E30	
650712.625	3872146	349.899994	1.00000002E30	
651016.656	3872146	345.440002	1.00000002E30	
651320.719	3872146	348.209991	1.00000002E30	
651624.75	3872146	341.540009	1.00000002E30	
651928.875	3872146	302.959991	1.00000002E30	
646152.031	3871767.38	336.119995	1.00000002E30	
646456.063	3871767.38	332.440002	1.00000002E30	
646760.094	3871767.38	329.790009	1.00000002E30	
647064.156	3871767.38	335	1.00000002E30	
647368.188	3871767.38	329.709991	330.352692	
647672.219	3871767.38	329.315002	330.710236	
647976.25	3871767.38	327.039993	329.846741	
648280.281	3871767.38	327.149994	328.385864	
648584.344	3871767.38	324.634995	326.578491	
648888.375	3871767.38	323.299988	324.885559	
649192.406	3871767.38	324.035004	323.328705	
649496.469	3871767.38	324.729996	322.046661	
649800.5	3871767.38	326.290009	319.015991	
650104.531	3871767.38	327.160004	320.014008	
650408.594	3871767.38	360.019989	1.00000002E30	
650712.625	3871767.38	363.170013	1.00000002E30	
651016.656	3871767.38	358.410004	1.00000002E30	
651320.719	3871767.38	366.144989	1.00000002E30	
651624.75	3871767.38	357.445007	1.00000002E30	
651928.875	3871767.38	296.109985	1.00000002E30	
646152.031	3871388.75	346.619995	1.00000002E30	
646456.063	3871388.75	340.059998	1.00000002E30	
646760.094	3871388.75	340.079987	1.00000002E30	
647064.156	3871388.75	335.920013	329.022003	
647368.188	3871388.75	334.880005	329.954437	
647672.219	3871388.75	332.980011	330.569916	
647976.25	3871388.75	330.884995	330.391113	
648280.281	3871388.75	328.779999	329.723053	
648584.344	3871388.75	327.794998	328.911865	
648888.375	3871388.75	327.784988	328.14325	
649192.406	3871388.75	326.900009	327.499664	
649496.469	3871388.75	327.955002	326.977234	
649800.5	3871388.75	329.269989	326.558411	
650104.531	3871388.75	330.209991	326.000916	
650408.594	3871388.75	332.079987	326.019012	
650712.625	3871388.75	333.809998	327.015991	
651016.656	3871388.75	335.470001	328.015991	
651320.719	3871388.75	335.669998	328.015991	
651624.75	3871388.75	355.579987	1.00000002E30	
651928.875	3871388.75	312.899994	1.00000002E30	
646152.031	3871010.25	362.299988	1.00000002E30	
646456.063	3871010.25	359.660004	1.00000002E30	
646760.094	3871010.25	353.119995	1.00000002E30	
647064.156	3871010.25	341.679993	335.022003	
647368.188	3871010.25	338.339996	331.13736	
647672.219	3871010.25	336.079987	331.914185	
647976.25	3871010.25	333.724991	332.224152	
648280.281	3871010.25	331.964996	332.378113	
648584.344	3871010.25	331.305008	332.493103	
648888.375	3871010.25	332.209991	332.688965	
649192.406	3871010.25	332.625	332.939606	
649496.469	3871010.25	334.190002	333.192505	
649800.5	3871010.25	336.25	333.262787	
650104.531	3871010.25	337.390015	333.002136	
650408.594	3871010.25	338.470001	332.179962	
650712.625	3871010.25	340.920013	330.531952	
651016.656	3871010.25	336.200012	327.76358	
651320.719	3871010.25	334.220001	324.266022	
651624.75	3871010.25	342.170013	335.015991	
651928.875	3871010.25	330.209991	1.00000002E30	
646152.031	3870631.75	385.320007	1.00000002E30	
646456.063	3870631.75	373.970001	1.00000002E30	
646760.094	3870631.75	362.269989	1.00000002E30	
647064.156	3870631.75	347.209991	340.019012	
647368.188	3870631.75	343.209991	334.072327	
647672.219	3870631.75	340.75	334.980011	
647976.25	3870631.75	338.165009	335.80368	
648280.281	3870631.75	335.37001	336.657166	
648584.344	3870631.75	335.805008	337.655304	
648888.375	3870631.75	337.75	338.753357	
649192.406	3870631.75	339.630005	339.873718	
649496.469	3870631.75	343.660004	340.834625	
649800.5	3870631.75	345.940002	341.42865	
650104.531	3870631.75	346.640015	341.448181	
650408.594	3870631.75	347.459991	340.626465	
650712.625	3870631.75	347.459991	338.764587	
651016.656	3870631.75	343.649994	335.646881	
651320.719	3870631.75	342.48999	331.202362	
651624.75	3870631.75	349.51001	342.019012	
651928.875	3870631.75	355.959991	1.00000002E30	
646152.031	3870253.25	397.549988	1.00000002E30	
646456.063	3870253.25	384.190002	1.00000002E30	
646760.094	3870253.25	356.26001	348.019012	
647064.156	3870253.25	348.769989	337.802734	
647368.188	3870253.25	348.160004	338.80011	
647672.219	3870253.25	345.380005	339.837769	
647976.25	3870253.25	342.244995	341.110748	
648280.281	3870253.25	341.134995	342.641266	
648584.344	3870253.25	342.915009	344.449524	
648888.375	3870253.25	345.600006	346.388885	
649192.406	3870253.25	348.339996	348.292969	
649496.469	3870253.25	354.390015	349.90741	
649800.5	3870253.25	358.109985	350.944305	
650104.531	3870253.25	360.660004	351.192719	
650408.594	3870253.25	360.190002	350.402374	
650712.625	3870253.25	359.98999	348.2901	
651016.656	3870253.25	358.119995	344.766388	
651320.719	3870253.25	350.579987	340.026978	
651624.75	3870253.25	346.029999	333.285309	
651928.875	3870253.25	355.170013	348.015991	
646152.031	3869874.63	407.859985	1.00000002E30	
646456.063	3869874.63	397.089996	1.00000002E30	
646760.094	3869874.63	361.230011	353.019012	
647064.156	3869874.63	353.600006	344.743378	
647368.188	3869874.63	354.809998	345.398163	
647672.219	3869874.63	352.709991	346.596924	
647976.25	3869874.63	350.719986	348.302032	
648280.281	3869874.63	350.604996	350.497772	
648584.344	3869874.63	352.384995	353.042969	
648888.375	3869874.63	354	355.689972	
649192.406	3869874.63	359.279999	358.284424	
649496.469	3869874.63	366.350006	360.44043	
649800.5	3869874.63	372.890015	361.82193	
650104.531	3869874.63	374.950012	362.259766	
650408.594	3869874.63	372.220001	361.450928	
650712.625	3869874.63	369.410004	359.165436	
651016.656	3869874.63	367.059998	355.303986	
651320.719	3869874.63	359.799988	349.768585	
651624.75	3869874.63	352.850006	343.015259	
651928.875	3869874.63	363.660004	354.019012	
646152.031	3869496	412	1.00000002E30	
646456.063	3869496	397.410004	1.00000002E30	
646760.094	3869496	361.690002	353.100403	
647064.156	3869496	360.450012	352.969818	
647368.188	3869496	360.100006	353.55304	
647672.219	3869496	358.070007	354.986664	
647976.25	3869496	359.490005	357.154327	
648280.281	3869496	359.809998	359.945953	
648584.344	3869496	361.854996	363.158783	
648888.375	3869496	364.604996	366.494232	
649192.406	3869496	367.519989	369.588562	
649496.469	3869496	375.01001	372.209839	
649800.5	3869496	381.48999	373.838989	
650104.531	3869496	384.200012	374.394958	
650408.594	3869496	383.959991	373.484955	
650712.625	3869496	377.959991	371.024841	
651016.656	3869496	374.720001	366.895569	
651320.719	3869496	371.170013	361.205231	
651624.75	3869496	362.369995	354.423035	
651928.875	3869496	369.059998	361.015991	
646152.031	3869117.5	407.380005	1.00000002E30	
646456.063	3869117.5	370.220001	359.029999	
646760.094	3869117.5	369.579987	362.854614	
647064.156	3869117.5	367.98999	362.422699	
647368.188	3869117.5	365.980011	363.084259	
647672.219	3869117.5	364.315002	364.834991	
647976.25	3869117.5	364.414993	367.521179	
648280.281	3869117.5	365.815002	370.866333	
648584.344	3869117.5	367.925003	374.670532	
648888.375	3869117.5	372.50499	378.526611	
649192.406	3869117.5	375.799988	382.045532	
649496.469	3869117.5	383.559998	384.923218	
649800.5	3869117.5	389.119995	386.675446	
650104.531	3869117.5	394.480011	387.188171	
650408.594	3869117.5	388.679993	386.123444	
650712.625	3869117.5	385.350006	383.415985	
651016.656	3869117.5	381.480011	379.022827	
651320.719	3869117.5	429.26001	373.110504	
651624.75	3869117.5	370.600006	365.595764	
651928.875	3869117.5	375.730011	367.022003	
646152.031	3868739	397.570007	1.00000002E30	
646456.063	3868739	378.429993	374.559204	
646760.094	3868739	375.679993	372.823029	
647064.156	3868739	373.48999	372.448792	
647368.188	3868739	371.339996	373.406464	
647672.219	3868739	370.330002	375.652435	
647976.25	3868739	369.775009	378.756042	
648280.281	3868739	371.240005	382.731903	
648584.344	3868739	374.514999	387.039032	
648888.375	3868739	379.714996	391.238129	
649192.406	3868739	385.670013	395.038422	
649496.469	3868739	391.029999	397.985718	
649800.5	3868739	396.029999	399.67984	
650104.531	3868739	399.440002	399.97287	
650408.594	3868739	398.140015	398.632355	
650712.625	3868739	395.820007	395.544403	
651016.656	3868739	392.26001	390.843048	
651320.719	3868739	389.5	384.770599	
651624.75	3868739	385.829987	377.55014	
651928.875	3868739	382.839996	374.019012	
646152.031	3868360.5	386.799988	379.014008	
646456.063	3868360.5	383.549988	383.818298	
646760.094	3868360.5	380.399994	382.310822	
647064.156	3868360.5	377.73999	382.44931	
647368.188	3868360.5	375.375	383.979492	
647672.219	3868360.5	374.565002	386.783478	
647976.25	3868360.5	375.785004	390.625122	
648280.281	3868360.5	377.845001	395.07724	
648584.344	3868360.5	382.154999	399.787689	
648888.375	3868360.5	388.894989	404.292389	
649192.406	3868360.5	396.660004	408.094147	
649496.469	3868360.5	403.420013	410.926483	
649800.5	3868360.5	407.089996	412.320923	
650104.531	3868360.5	410.609985	412.195953	
650408.594	3868360.5	411.23999	410.393158	
650712.625	3868360.5	408.179993	406.821198	
651016.656	3868360.5	405.950012	401.740448	
651320.719	3868360.5	401.369995	395.463501	
651624.75	3868360.5	394.619995	388.335693	
651928.875	3868360.5	390.700012	380.027008	
646152.031	3867981.88	391.98999	385.007996	
646456.063	3867981.88	387.709991	391.580383	
646760.094	3867981.88	384.809998	390.91507	
647064.156	3867981.88	381.23999	391.921387	
647368.188	3867981.88	379.304993	394.368958	
647672.219	3867981.88	380.595001	398.078217	
647976.25	3867981.88	382.940002	402.623413	
648280.281	3867981.88	386.600006	407.599487	
648584.344	3867981.88	391.095001	412.595428	
648888.375	3867981.88	398.214996	417.131836	
649192.406	3867981.88	408.170013	420.788574	
649496.469	3867981.88	414.410004	423.222412	
649800.5	3867981.88	419.230011	424.063049	
650104.531	3867981.88	422.75	423.280884	
650408.594	3867981.88	424.309998	420.729187	
650712.625	3867981.88	423	416.52887	
651016.656	3867981.88	421.540009	410.929749	
651320.719	3867981.88	413.540009	404.364655	
651624.75	3867981.88	405.440002	397.323883	
651928.875	3867981.88	398.049988	387.03299	
646152.031	3867603.25	391.670013	388.007996	
646456.063	3867603.25	390.350006	397.780518	
646760.094	3867603.25	388.440002	398.52887	
647064.156	3867603.25	385.039993	400.874573	
647368.188	3867603.25	385.580002	404.538666	
647672.219	3867603.25	387.009995	409.217712	
647976.25	3867603.25	391.119995	414.515533	
648280.281	3867603.25	396.089996	419.904297	
648584.344	3867603.25	400.975006	425.056183	
648888.375	3867603.25	408.335007	429.40802	
649192.406	3867603.25	416.130005	432.60614	
649496.469	3867603.25	423.029999	434.330231	
649800.5	3867603.25	427.179993	434.342682	
650104.531	3867603.25	430.790009	432.562988	
650408.594	3867603.25	432.829987	429.06488	
650712.625	3867603.25	429.390015	423.952301	
651016.656	3867603.25	427.480011	417.676117	
651320.719	3867603.25	421.410004	410.736969	
651624.75	3867603.25	410.570007	403.772919	
651928.875	3867603.25	402.519989	395.027008	
646152.031	3867287	395.350006	392.002991	
646456.063	3867287	392.529999	401.558563	
646760.094	3867287	390.559998	403.866943	
647064.156	3867287	388.490005	407.625946	
647368.188	3867287	388.455002	412.473663	
647672.219	3867287	391.924988	418.049286	
647976.25	3867287	396.285004	423.942627	
648280.281	3867287	401.770004	429.640076	
648584.344	3867287	410.275009	434.751953	
648888.375	3867287	416.729996	438.852997	
649192.406	3867287	423.26001	441.404785	
649496.469	3867287	429.019989	442.28891	
649800.5	3867287	432.850006	441.336853	
650104.531	3867287	436.709991	437.997925	
650408.594	3867287	438.200012	433.976227	
650712.625	3867287	426.929993	428.980835	
651016.656	3867287	421.095001	422.723389	
651320.719	3867287	417.884995	414.587128	
651624.75	3867287	414.420013	406.512726	
651928.875	3867287	406.299988	400.015991	
