Layer 2
X	Y	Z	Kx	Ky	Kz	
646152.031	3881974.88	160.389999	1E-11	1E-11	1E-11	
646456.063	3881974.88	112.038998	1E-11	1E-11	1E-11	
646760.094	3881974.88	124.548	1E-11	1E-11	1E-11	
647064.156	3881974.88	141.740002	1E-11	1E-11	1E-11	
647368.188	3881974.88	154.460003	1E-11	1E-11	1E-11	
647672.219	3881974.88	147.400997	1E-11	1E-11	1E-11	
647976.25	3881974.88	141.599003	1E-11	1E-11	1E-11	
648280.281	3881974.88	85.0304985	1E-11	1E-11	1E-11	
648584.344	3881974.88	70.2149982	1E-11	1E-11	1E-11	
648888.375	3881974.88	55.1429987	1E-11	1E-11	1E-11	
649192.406	3881974.88	39.8190002	1E-11	1E-11	1E-11	
649496.469	3881974.88	24.2408506	1E-11	1E-11	1E-11	
649800.5	3881974.88	8.40200043	1E-11	1E-11	1E-11	
650104.531	3881974.88	-7.69100094	1E-11	1E-11	1E-11	
650408.594	3881974.88	-24.0558399	1E-11	1E-11	1E-11	
650712.625	3881974.88	-40.6809998	1E-11	1E-11	1E-11	
651016.656	3881974.88	-57.5910015	1E-11	1E-11	1E-11	
651320.719	3881974.88	-74.3410015	1E-11	1E-11	1E-11	
651624.75	3881974.88	-86.8084984	1E-11	1E-11	1E-11	
651928.875	3881974.88	-89.5115013	1E-11	1E-11	1E-11	
646152.031	3881590.13	161.009995	1E-11	1E-11	1E-11	
646456.063	3881590.13	122.2215	1E-11	1E-11	1E-11	
646760.094	3881590.13	121.190502	1E-11	1E-11	1E-11	
647064.156	3881590.13	175.850006	1E-11	1E-11	1E-11	
647368.188	3881590.13	172.550003	1E-11	1E-11	1E-11	
647672.219	3881590.13	168.820007	1E-11	1E-11	1E-11	
647976.25	3881590.13	165.300003	1E-11	1E-11	1E-11	
648280.281	3881590.13	163.419998	1E-11	1E-11	1E-11	
648584.344	3881590.13	127.27	1E-11	1E-11	1E-11	
648888.375	3881590.13	114.311501	1E-11	1E-11	1E-11	
649192.406	3881590.13	100.040501	1E-11	1E-11	1E-11	
649496.469	3881590.13	84.4189987	1E-11	1E-11	1E-11	
649800.5	3881590.13	67.3570004	1E-11	1E-11	1E-11	
650104.531	3881590.13	48.8160009	1E-11	1E-11	1E-11	
650408.594	3881590.13	28.5917995	1E-11	1E-11	1E-11	
650712.625	3881590.13	6.63100052	1E-11	1E-11	1E-11	
651016.656	3881590.13	-17.406049	1E-11	1E-11	1E-11	
651320.719	3881590.13	-43.6370001	1E-11	1E-11	1E-11	
651624.75	3881590.13	-72.3740005	1E-11	1E-11	1E-11	
651928.875	3881590.13	-92.1500015	1E-11	1E-11	1E-11	
646152.031	3881231.25	159.889999	1E-11	1E-11	1E-11	
646456.063	3881231.25	181.470001	1E-11	1E-11	1E-11	
646760.094	3881231.25	141.889999	1E-11	1E-11	1E-11	
647064.156	3881231.25	164.899998	1E-11	1E-11	1E-11	
647368.188	3881231.25	176.210007	1E-11	1E-11	1E-11	
647672.219	3881231.25	184.160004	1E-11	1E-11	1E-11	
647976.25	3881231.25	188.130005	1E-11	1E-11	1E-11	
648280.281	3881231.25	193.529999	1E-11	1E-11	1E-11	
648584.344	3881231.25	201.75	1E-11	1E-11	1E-11	
648888.375	3881231.25	179.479996	1E-11	1E-11	1E-11	
649192.406	3881231.25	137.77	1E-11	1E-11	1E-11	
649496.469	3881231.25	126.970001	1E-11	1E-11	1E-11	
649800.5	3881231.25	130	1E-11	1E-11	1E-11	
650104.531	3881231.25	132.389999	1E-11	1E-11	1E-11	
650408.594	3881231.25	147.960003	1E-11	1E-11	1E-11	
650712.625	3881231.25	144.440002	1E-11	1E-11	1E-11	
651016.656	3881231.25	107.118496	1E-11	1E-11	1E-11	
651320.719	3881231.25	59.3270016	1E-11	1E-11	1E-11	
651624.75	3881231.25	-0.379999161	1E-11	1E-11	1E-11	
651928.875	3881231.25	-65.4140015	1E-11	1E-11	1E-11	
646152.031	3880852.63	193.410004	1E-11	1E-11	1E-11	
646456.063	3880852.63	196.080002	1E-11	1E-11	1E-11	
646760.094	3880852.63	197.289993	1E-11	1E-11	1E-11	
647064.156	3880852.63	182.029999	1E-11	1E-11	1E-11	
647368.188	3880852.63	180.619995	1E-11	1E-11	1E-11	
647672.219	3880852.63	185.449997	1E-11	1E-11	1E-11	
647976.25	3880852.63	190.779999	1E-11	1E-11	1E-11	
648280.281	3880852.63	194.100006	1E-11	1E-11	1E-11	
648584.344	3880852.63	198.850006	1E-11	1E-11	1E-11	
648888.375	3880852.63	201.639999	1E-11	1E-11	1E-11	
649192.406	3880852.63	185.710007	1E-11	1E-11	1E-11	
649496.469	3880852.63	150.160004	1E-11	1E-11	1E-11	
649800.5	3880852.63	139.639999	1E-11	1E-11	1E-11	
650104.531	3880852.63	134.820004	1E-11	1E-11	1E-11	
650408.594	3880852.63	138.350002	1E-11	1E-11	1E-11	
650712.625	3880852.63	148.73	1E-11	1E-11	1E-11	
651016.656	3880852.63	128.399998	1E-11	1E-11	1E-11	
651320.719	3880852.63	89.4015007	1E-11	1E-11	1E-11	
651624.75	3880852.63	40.0859995	1E-11	1E-11	1E-11	
651928.875	3880852.63	-27.4359504	1E-11	1E-11	1E-11	
646152.031	3880474	201.429993	1E-11	1E-11	1E-11	
646456.063	3880474	214.059998	1E-11	1E-11	1E-11	
646760.094	3880474	208.619995	1E-11	1E-11	1E-11	
647064.156	3880474	202.910004	1E-11	1E-11	1E-11	
647368.188	3880474	205.179993	1E-11	1E-11	1E-11	
647672.219	3880474	194.270004	1E-11	1E-11	1E-11	
647976.25	3880474	194.259995	1E-11	1E-11	1E-11	
648280.281	3880474	196.210007	1E-11	1E-11	1E-11	
648584.344	3880474	199.910004	1E-11	1E-11	1E-11	
648888.375	3880474	203.130005	1E-11	1E-11	1E-11	
649192.406	3880474	206.050003	1E-11	1E-11	1E-11	
649496.469	3880474	207.320007	1E-11	1E-11	1E-11	
649800.5	3880474	182.119995	1E-11	1E-11	1E-11	
650104.531	3880474	152.130001	1E-11	1E-11	1E-11	
650408.594	3880474	140.919998	1E-11	1E-11	1E-11	
650712.625	3880474	141.740002	1E-11	1E-11	1E-11	
651016.656	3880474	149.220001	1E-11	1E-11	1E-11	
651320.719	3880474	118.231998	1E-11	1E-11	1E-11	
651624.75	3880474	78.5584984	1E-11	1E-11	1E-11	
651928.875	3880474	8.44499969	1E-11	1E-11	1E-11	
646152.031	3880095.5	211.479996	1E-11	1E-11	1E-11	
646456.063	3880095.5	227.309998	1E-11	1E-11	1E-11	
646760.094	3880095.5	217.630005	1E-11	1E-11	1E-11	
647064.156	3880095.5	215.669998	1E-11	1E-11	1E-11	
647368.188	3880095.5	217.149994	1E-11	1E-11	1E-11	
647672.219	3880095.5	213.740005	1E-11	1E-11	1E-11	
647976.25	3880095.5	202.100006	1E-11	1E-11	1E-11	
648280.281	3880095.5	202.910004	1E-11	1E-11	1E-11	
648584.344	3880095.5	204.110001	1E-11	1E-11	1E-11	
648888.375	3880095.5	206.139999	1E-11	1E-11	1E-11	
649192.406	3880095.5	207.860001	1E-11	1E-11	1E-11	
649496.469	3880095.5	210.059998	1E-11	1E-11	1E-11	
649800.5	3880095.5	205.360001	1E-11	1E-11	1E-11	
650104.531	3880095.5	171.979996	1E-11	1E-11	1E-11	
650408.594	3880095.5	156.389999	1E-11	1E-11	1E-11	
650712.625	3880095.5	149.809998	1E-11	1E-11	1E-11	
651016.656	3880095.5	151.210003	1E-11	1E-11	1E-11	
651320.719	3880095.5	144.869999	1E-11	1E-11	1E-11	
651624.75	3880095.5	114.040997	1E-11	1E-11	1E-11	
651928.875	3880095.5	42.0530005	1E-11	1E-11	1E-11	
646152.031	3879717	218.960007	1E-11	1E-11	1E-11	
646456.063	3879717	242.059998	1E-11	1E-11	1E-11	
646760.094	3879717	242.950005	1E-11	1E-11	1E-11	
647064.156	3879717	230.809998	1E-11	1E-11	1E-11	
647368.188	3879717	229.970001	1E-11	1E-11	1E-11	
647672.219	3879717	225.639999	1E-11	1E-11	1E-11	
647976.25	3879717	222.75	1E-11	1E-11	1E-11	
648280.281	3879717	221.130005	1E-11	1E-11	1E-11	
648584.344	3879717	210.880005	1E-11	1E-11	1E-11	
648888.375	3879717	211.119995	1E-11	1E-11	1E-11	
649192.406	3879717	212.880005	1E-11	1E-11	1E-11	
649496.469	3879717	214.139999	1E-11	1E-11	1E-11	
649800.5	3879717	214.289993	1E-11	1E-11	1E-11	
650104.531	3879717	213.149994	1E-11	1E-11	1E-11	
650408.594	3879717	203.279999	1E-11	1E-11	1E-11	
650712.625	3879717	165.740005	1E-11	1E-11	1E-11	
651016.656	3879717	151.320004	1E-11	1E-11	1E-11	
651320.719	3879717	150.460003	1E-11	1E-11	1E-11	
651624.75	3879717	145.580002	1E-11	1E-11	1E-11	
651928.875	3879717	73.1529999	1E-11	1E-11	1E-11	
646152.031	3879338.5	226.710007	1E-11	1E-11	1E-11	
646456.063	3879338.5	264.049995	1E-11	1E-11	1E-11	
646760.094	3879338.5	255.779999	1E-11	1E-11	1E-11	
647064.156	3879338.5	248.739998	1E-11	1E-11	1E-11	
647368.188	3879338.5	242.829994	1E-11	1E-11	1E-11	
647672.219	3879338.5	238.089996	1E-11	1E-11	1E-11	
647976.25	3879338.5	234.339996	1E-11	1E-11	1E-11	
648280.281	3879338.5	231.510002	1E-11	1E-11	1E-11	
648584.344	3879338.5	229.389999	1E-11	1E-11	1E-11	
648888.375	3879338.5	227.759995	1E-11	1E-11	1E-11	
649192.406	3879338.5	218.059998	1E-11	1E-11	1E-11	
649496.469	3879338.5	217.850006	1E-11	1E-11	1E-11	
649800.5	3879338.5	218.350006	1E-11	1E-11	1E-11	
650104.531	3879338.5	218.440002	1E-11	1E-11	1E-11	
650408.594	3879338.5	217.589996	1E-11	1E-11	1E-11	
650712.625	3879338.5	209.700005	1E-11	1E-11	1E-11	
651016.656	3879338.5	166.660004	1E-11	1E-11	1E-11	
651320.719	3879338.5	160.509995	1E-11	1E-11	1E-11	
651624.75	3879338.5	172.779999	1E-11	1E-11	1E-11	
651928.875	3879338.5	101.581501	1E-11	1E-11	1E-11	
646152.031	3878959.88	234.769997	1E-11	1E-11	1E-11	
646456.063	3878959.88	271.720001	1E-11	1E-11	1E-11	
646760.094	3878959.88	265.790001	1E-11	1E-11	1E-11	
647064.156	3878959.88	260.239998	1E-11	1E-11	1E-11	
647368.188	3878959.88	255.079994	1E-11	1E-11	1E-11	
647672.219	3878959.88	250.359993	1E-11	1E-11	1E-11	
647976.25	3878959.88	246.070007	1E-11	1E-11	1E-11	
648280.281	3878959.88	242.239998	1E-11	1E-11	1E-11	
648584.344	3878959.88	238.839996	1E-11	1E-11	1E-11	
648888.375	3878959.88	234.350006	1E-11	1E-11	1E-11	
649192.406	3878959.88	230.369995	1E-11	1E-11	1E-11	
649496.469	3878959.88	222.75	1E-11	1E-11	1E-11	
649800.5	3878959.88	221.089996	1E-11	1E-11	1E-11	
650104.531	3878959.88	220.850006	1E-11	1E-11	1E-11	
650408.594	3878959.88	220.570007	1E-11	1E-11	1E-11	
650712.625	3878959.88	220.960007	1E-11	1E-11	1E-11	
651016.656	3878959.88	194.25	1E-11	1E-11	1E-11	
651320.719	3878959.88	163.25	1E-11	1E-11	1E-11	
651624.75	3878959.88	190.490005	1E-11	1E-11	1E-11	
651928.875	3878959.88	127.589996	1E-11	1E-11	1E-11	
646152.031	3878581.25	243.160004	1E-11	1E-11	1E-11	
646456.063	3878581.25	270.410004	1E-11	1E-11	1E-11	
646760.094	3878581.25	272.440002	1E-11	1E-11	1E-11	
647064.156	3878581.25	270.070007	1E-11	1E-11	1E-11	
647368.188	3878581.25	264.709999	1E-11	1E-11	1E-11	
647672.219	3878581.25	256.320007	1E-11	1E-11	1E-11	
647976.25	3878581.25	251.980003	1E-11	1E-11	1E-11	
648280.281	3878581.25	244.209999	1E-11	1E-11	1E-11	
648584.344	3878581.25	238.279999	1E-11	1E-11	1E-11	
648888.375	3878581.25	236.410004	1E-11	1E-11	1E-11	
649192.406	3878581.25	236.970001	1E-11	1E-11	1E-11	
649496.469	3878581.25	236.029999	1E-11	1E-11	1E-11	
649800.5	3878581.25	226.720001	1E-11	1E-11	1E-11	
650104.531	3878581.25	225.270004	1E-11	1E-11	1E-11	
650408.594	3878581.25	224.100006	1E-11	1E-11	1E-11	
650712.625	3878581.25	224.529999	1E-11	1E-11	1E-11	
651016.656	3878581.25	221.779999	1E-11	1E-11	1E-11	
651320.719	3878581.25	171.449997	1E-11	1E-11	1E-11	
651624.75	3878581.25	168.979996	1E-11	1E-11	1E-11	
651928.875	3878581.25	151.190002	1E-11	1E-11	1E-11	
646152.031	3878202.75	251.899994	1E-11	1E-11	1E-11	
646456.063	3878202.75	261.450005	1E-11	1E-11	1E-11	
646760.094	3878202.75	265.109993	1E-11	1E-11	1E-11	
647064.156	3878202.75	261.600006	1E-11	1E-11	1E-11	
647368.188	3878202.75	265.109993	1E-11	1E-11	1E-11	
647672.219	3878202.75	257.690002	1E-11	1E-11	1E-11	
647976.25	3878202.75	246.899994	1E-11	1E-11	1E-11	
648280.281	3878202.75	243.559998	1E-11	1E-11	1E-11	
648584.344	3878202.75	247.480003	1E-11	1E-11	1E-11	
648888.375	3878202.75	244.760002	1E-11	1E-11	1E-11	
649192.406	3878202.75	245.230003	1E-11	1E-11	1E-11	
649496.469	3878202.75	240.899994	1E-11	1E-11	1E-11	
649800.5	3878202.75	230.649994	1E-11	1E-11	1E-11	
650104.531	3878202.75	228.240005	1E-11	1E-11	1E-11	
650408.594	3878202.75	227.830002	1E-11	1E-11	1E-11	
650712.625	3878202.75	228.850006	1E-11	1E-11	1E-11	
651016.656	3878202.75	212.669998	1E-11	1E-11	1E-11	
651320.719	3878202.75	179.679993	1E-11	1E-11	1E-11	
651624.75	3878202.75	163.509995	1E-11	1E-11	1E-11	
651928.875	3878202.75	170.399994	1E-11	1E-11	1E-11	
646152.031	3877824.25	250.910004	1E-11	1E-11	1E-11	
646456.063	3877824.25	251.670006	1E-11	1E-11	1E-11	
646760.094	3877824.25	255.75	1E-11	1E-11	1E-11	
647064.156	3877824.25	261.489998	1E-11	1E-11	1E-11	
647368.188	3877824.25	263.440002	1E-11	1E-11	1E-11	
647672.219	3877824.25	256.549995	1E-11	1E-11	1E-11	
647976.25	3877824.25	254.5	1E-11	1E-11	1E-11	
648280.281	3877824.25	251.910004	1E-11	1E-11	1E-11	
648584.344	3877824.25	249.980003	1E-11	1E-11	1E-11	
648888.375	3877824.25	249.230003	1E-11	1E-11	1E-11	
649192.406	3877824.25	246.910004	1E-11	1E-11	1E-11	
649496.469	3877824.25	244.519997	1E-11	1E-11	1E-11	
649800.5	3877824.25	235.229996	1E-11	1E-11	1E-11	
650104.531	3877824.25	232.199997	1E-11	1E-11	1E-11	
650408.594	3877824.25	231.259995	1E-11	1E-11	1E-11	
650712.625	3877824.25	231.970001	1E-11	1E-11	1E-11	
651016.656	3877824.25	224.949997	1E-11	1E-11	1E-11	
651320.719	3877824.25	202.279999	1E-11	1E-11	1E-11	
651624.75	3877824.25	173.490005	1E-11	1E-11	1E-11	
651928.875	3877824.25	171.110001	1E-11	1E-11	1E-11	
646152.031	3877445.75	245.899994	1E-11	1E-11	1E-11	
646456.063	3877445.75	250.320007	1E-11	1E-11	1E-11	
646760.094	3877445.75	260.649994	1E-11	1E-11	1E-11	
647064.156	3877445.75	266.450005	1E-11	1E-11	1E-11	
647368.188	3877445.75	267.850006	1E-11	1E-11	1E-11	
647672.219	3877445.75	265.290001	1E-11	1E-11	1E-11	
647976.25	3877445.75	262.920006	1E-11	1E-11	1E-11	
648280.281	3877445.75	259.519997	1E-11	1E-11	1E-11	
648584.344	3877445.75	255.660004	1E-11	1E-11	1E-11	
648888.375	3877445.75	250.420006	1E-11	1E-11	1E-11	
649192.406	3877445.75	248.820007	1E-11	1E-11	1E-11	
649496.469	3877445.75	248.399994	1E-11	1E-11	1E-11	
649800.5	3877445.75	238.190002	1E-11	1E-11	1E-11	
650104.531	3877445.75	235.510002	1E-11	1E-11	1E-11	
650408.594	3877445.75	234.380005	1E-11	1E-11	1E-11	
650712.625	3877445.75	233.209999	1E-11	1E-11	1E-11	
651016.656	3877445.75	230.489998	1E-11	1E-11	1E-11	
651320.719	3877445.75	212.539993	1E-11	1E-11	1E-11	
651624.75	3877445.75	182.229996	1E-11	1E-11	1E-11	
651928.875	3877445.75	175.070007	1E-11	1E-11	1E-11	
646152.031	3877067.13	244.890007	1E-11	1E-11	1E-11	
646456.063	3877067.13	252.019997	1E-11	1E-11	1E-11	
646760.094	3877067.13	259.450005	1E-11	1E-11	1E-11	
647064.156	3877067.13	266.559998	1E-11	1E-11	1E-11	
647368.188	3877067.13	271.869995	1E-11	1E-11	1E-11	
647672.219	3877067.13	271.399994	1E-11	1E-11	1E-11	
647976.25	3877067.13	268.160004	1E-11	1E-11	1E-11	
648280.281	3877067.13	262.959999	1E-11	1E-11	1E-11	
648584.344	3877067.13	259.820007	1E-11	1E-11	1E-11	
648888.375	3877067.13	254.470001	1E-11	1E-11	1E-11	
649192.406	3877067.13	254.100006	1E-11	1E-11	1E-11	
649496.469	3877067.13	251.25	1E-11	1E-11	1E-11	
649800.5	3877067.13	240.739998	1E-11	1E-11	1E-11	
650104.531	3877067.13	237.470001	1E-11	1E-11	1E-11	
650408.594	3877067.13	235.640007	1E-11	1E-11	1E-11	
650712.625	3877067.13	237.079994	1E-11	1E-11	1E-11	
651016.656	3877067.13	240.309998	1E-11	1E-11	1E-11	
651320.719	3877067.13	240.839996	1E-11	1E-11	1E-11	
651624.75	3877067.13	205.860001	1E-11	1E-11	1E-11	
651928.875	3877067.13	192.460007	1E-11	1E-11	1E-11	
646152.031	3876688.5	241.600006	1E-11	1E-11	1E-11	
646456.063	3876688.5	247.589996	1E-11	1E-11	1E-11	
646760.094	3876688.5	255.450005	1E-11	1E-11	1E-11	
647064.156	3876688.5	260.489998	1E-11	1E-11	1E-11	
647368.188	3876688.5	270.779999	1E-11	1E-11	1E-11	
647672.219	3876688.5	269.489998	1E-11	1E-11	1E-11	
647976.25	3876688.5	264.100006	1E-11	1E-11	1E-11	
648280.281	3876688.5	263.609993	1E-11	1E-11	1E-11	
648584.344	3876688.5	259.309998	1E-11	1E-11	1E-11	
648888.375	3876688.5	259.390007	1E-11	1E-11	1E-11	
649192.406	3876688.5	261.890007	1E-11	1E-11	1E-11	
649496.469	3876688.5	253.690002	1E-11	1E-11	1E-11	
649800.5	3876688.5	243.589996	1E-11	1E-11	1E-11	
650104.531	3876688.5	239.890007	1E-11	1E-11	1E-11	
650408.594	3876688.5	237.420006	1E-11	1E-11	1E-11	
650712.625	3876688.5	238.549995	1E-11	1E-11	1E-11	
651016.656	3876688.5	242.970001	1E-11	1E-11	1E-11	
651320.719	3876688.5	239.760002	1E-11	1E-11	1E-11	
651624.75	3876688.5	215.990005	1E-11	1E-11	1E-11	
651928.875	3876688.5	201.529999	1E-11	1E-11	1E-11	
646152.031	3876310	234.839996	1E-11	1E-11	1E-11	
646456.063	3876310	243.880005	1E-11	1E-11	1E-11	
646760.094	3876310	248.290001	1E-11	1E-11	1E-11	
647064.156	3876310	253	1E-11	1E-11	1E-11	
647368.188	3876310	255.839996	1E-11	1E-11	1E-11	
647672.219	3876310	256.929993	1E-11	1E-11	1E-11	
647976.25	3876310	259.200005	1E-11	1E-11	1E-11	
648280.281	3876310	262.920006	1E-11	1E-11	1E-11	
648584.344	3876310	261.399994	1E-11	1E-11	1E-11	
648888.375	3876310	258.640007	1E-11	1E-11	1E-11	
649192.406	3876310	257.859993	1E-11	1E-11	1E-11	
649496.469	3876310	252.420006	1E-11	1E-11	1E-11	
649800.5	3876310	246.609993	1E-11	1E-11	1E-11	
650104.531	3876310	243.239998	1E-11	1E-11	1E-11	
650408.594	3876310	241.739998	1E-11	1E-11	1E-11	
650712.625	3876310	242.570007	1E-11	1E-11	1E-11	
651016.656	3876310	246.010002	1E-11	1E-11	1E-11	
651320.719	3876310	252.589996	1E-11	1E-11	1E-11	
651624.75	3876310	223.580002	1E-11	1E-11	1E-11	
651928.875	3876310	201.520004	1E-11	1E-11	1E-11	
646152.031	3875931.5	239.720001	1E-11	1E-11	1E-11	
646456.063	3875931.5	242.549995	1E-11	1E-11	1E-11	
646760.094	3875931.5	244.019997	1E-11	1E-11	1E-11	
647064.156	3875931.5	244.25	1E-11	1E-11	1E-11	
647368.188	3875931.5	248.670006	1E-11	1E-11	1E-11	
647672.219	3875931.5	253.359993	1E-11	1E-11	1E-11	
647976.25	3875931.5	260.459999	1E-11	1E-11	1E-11	
648280.281	3875931.5	264.279999	1E-11	1E-11	1E-11	
648584.344	3875931.5	265.630005	1E-11	1E-11	1E-11	
648888.375	3875931.5	263.980003	1E-11	1E-11	1E-11	
649192.406	3875931.5	261.940002	1E-11	1E-11	1E-11	
649496.469	3875931.5	255.660004	1E-11	1E-11	1E-11	
649800.5	3875931.5	249.450005	1E-11	1E-11	1E-11	
650104.531	3875931.5	246.690002	1E-11	1E-11	1E-11	
650408.594	3875931.5	245.339996	1E-11	1E-11	1E-11	
650712.625	3875931.5	245.899994	1E-11	1E-11	1E-11	
651016.656	3875931.5	249.700005	1E-11	1E-11	1E-11	
651320.719	3875931.5	240.540001	1E-11	1E-11	1E-11	
651624.75	3875931.5	220.320007	1E-11	1E-11	1E-11	
651928.875	3875931.5	238.149994	1E-11	1E-11	1E-11	
646152.031	3875553	243.130005	1E-11	1E-11	1E-11	
646456.063	3875553	243.519997	1E-11	1E-11	1E-11	
646760.094	3875553	250.019997	1E-11	1E-11	1E-11	
647064.156	3875553	250.489998	1E-11	1E-11	1E-11	
647368.188	3875553	252.390007	1E-11	1E-11	1E-11	
647672.219	3875553	258.640007	1E-11	1E-11	1E-11	
647976.25	3875553	264.049995	1E-11	1E-11	1E-11	
648280.281	3875553	268.670006	1E-11	1E-11	1E-11	
648584.344	3875553	267.109993	1E-11	1E-11	1E-11	
648888.375	3875553	268.899994	1E-11	1E-11	1E-11	
649192.406	3875553	266.859993	1E-11	1E-11	1E-11	
649496.469	3875553	259.600006	1E-11	1E-11	1E-11	
649800.5	3875553	253.339996	1E-11	1E-11	1E-11	
650104.531	3875553	250.470001	1E-11	1E-11	1E-11	
650408.594	3875553	249.959999	1E-11	1E-11	1E-11	
650712.625	3875553	250.320007	1E-11	1E-11	1E-11	
651016.656	3875553	253.369995	1E-11	1E-11	1E-11	
651320.719	3875553	260.709999	1E-11	1E-11	1E-11	
651624.75	3875553	245.190002	1E-11	1E-11	1E-11	
651928.875	3875553	249.899994	1E-11	1E-11	1E-11	
646152.031	3875174.38	246.640007	1E-11	1E-11	1E-11	
646456.063	3875174.38	240.850006	1E-11	1E-11	1E-11	
646760.094	3875174.38	255.959999	1E-11	1E-11	1E-11	
647064.156	3875174.38	256.720001	1E-11	1E-11	1E-11	
647368.188	3875174.38	261.470001	1E-11	1E-11	1E-11	
647672.219	3875174.38	266.519997	1E-11	1E-11	1E-11	
647976.25	3875174.38	268.320007	1E-11	1E-11	1E-11	
648280.281	3875174.38	278	1E-11	1E-11	1E-11	
648584.344	3875174.38	276.450012	1E-11	1E-11	1E-11	
648888.375	3875174.38	273.600006	1E-11	1E-11	1E-11	
649192.406	3875174.38	268.760002	1E-11	1E-11	1E-11	
649496.469	3875174.38	263.390007	1E-11	1E-11	1E-11	
649800.5	3875174.38	256.950005	1E-11	1E-11	1E-11	
650104.531	3875174.38	252.279999	1E-11	1E-11	1E-11	
650408.594	3875174.38	252.809998	1E-11	1E-11	1E-11	
650712.625	3875174.38	255.540001	1E-11	1E-11	1E-11	
651016.656	3875174.38	256.760002	1E-11	1E-11	1E-11	
651320.719	3875174.38	266.019997	1E-11	1E-11	1E-11	
651624.75	3875174.38	263.279999	1E-11	1E-11	1E-11	
651928.875	3875174.38	248.489998	1E-11	1E-11	1E-11	
646152.031	3874795.75	247.690002	1E-11	1E-11	1E-11	
646456.063	3874795.75	241.660004	1E-11	1E-11	1E-11	
646760.094	3874795.75	257.920006	1E-11	1E-11	1E-11	
647064.156	3874795.75	261.760002	1E-11	1E-11	1E-11	
647368.188	3874795.75	267.220001	1E-11	1E-11	1E-11	
647672.219	3874795.75	277.070007	1E-11	1E-11	1E-11	
647976.25	3874795.75	278.309998	1E-11	1E-11	1E-11	
648280.281	3874795.75	277.920013	1E-11	1E-11	1E-11	
648584.344	3874795.75	277.209991	1E-11	1E-11	1E-11	
648888.375	3874795.75	273.690002	1E-11	1E-11	1E-11	
649192.406	3874795.75	269.790001	1E-11	1E-11	1E-11	
649496.469	3874795.75	266.130005	1E-11	1E-11	1E-11	
649800.5	3874795.75	261.320007	1E-11	1E-11	1E-11	
650104.531	3874795.75	259.119995	1E-11	1E-11	1E-11	
650408.594	3874795.75	257.869995	1E-11	1E-11	1E-11	
650712.625	3874795.75	260.529999	1E-11	1E-11	1E-11	
651016.656	3874795.75	263.279999	1E-11	1E-11	1E-11	
651320.719	3874795.75	272.160004	1E-11	1E-11	1E-11	
651624.75	3874795.75	267.010002	1E-11	1E-11	1E-11	
651928.875	3874795.75	266.940002	1E-11	1E-11	1E-11	
646152.031	3874417.25	255.899994	1E-11	1E-11	1E-11	
646456.063	3874417.25	246.859993	1E-11	1E-11	1E-11	
646760.094	3874417.25	259.809998	1E-11	1E-11	1E-11	
647064.156	3874417.25	267.649994	1E-11	1E-11	1E-11	
647368.188	3874417.25	275.019997	1E-11	1E-11	1E-11	
647672.219	3874417.25	281.290009	1E-11	1E-11	1E-11	
647976.25	3874417.25	280.850006	1E-11	1E-11	1E-11	
648280.281	3874417.25	280.309998	1E-11	1E-11	1E-11	
648584.344	3874417.25	278.170013	1E-11	1E-11	1E-11	
648888.375	3874417.25	275.279999	1E-11	1E-11	1E-11	
649192.406	3874417.25	271.079994	1E-11	1E-11	1E-11	
649496.469	3874417.25	267.899994	1E-11	1E-11	1E-11	
649800.5	3874417.25	266.489998	1E-11	1E-11	1E-11	
650104.531	3874417.25	265.240005	1E-11	1E-11	1E-11	
650408.594	3874417.25	264.140007	1E-11	1E-11	1E-11	
650712.625	3874417.25	266.739998	1E-11	1E-11	1E-11	
651016.656	3874417.25	270.869995	1E-11	1E-11	1E-11	
651320.719	3874417.25	277.959999	1E-11	1E-11	1E-11	
651624.75	3874417.25	269.829994	1E-11	1E-11	1E-11	
651928.875	3874417.25	273.140007	1E-11	1E-11	1E-11	
646152.031	3874038.75	266.390007	1E-11	1E-11	1E-11	
646456.063	3874038.75	256.829994	1E-11	1E-11	1E-11	
646760.094	3874038.75	265.230003	1E-11	1E-11	1E-11	
647064.156	3874038.75	269.220001	1E-11	1E-11	1E-11	
647368.188	3874038.75	279.829994	1E-11	1E-11	1E-11	
647672.219	3874038.75	283.640015	1E-11	1E-11	1E-11	
647976.25	3874038.75	281.869995	1E-11	1E-11	1E-11	
648280.281	3874038.75	281.160004	1E-11	1E-11	1E-11	
648584.344	3874038.75	280.51001	1E-11	1E-11	1E-11	
648888.375	3874038.75	278.350006	1E-11	1E-11	1E-11	
649192.406	3874038.75	275.239998	1E-11	1E-11	1E-11	
649496.469	3874038.75	272.25	1E-11	1E-11	1E-11	
649800.5	3874038.75	268.959999	1E-11	1E-11	1E-11	
650104.531	3874038.75	267.359993	1E-11	1E-11	1E-11	
650408.594	3874038.75	268.470001	1E-11	1E-11	1E-11	
650712.625	3874038.75	271.029999	1E-11	1E-11	1E-11	
651016.656	3874038.75	274.899994	1E-11	1E-11	1E-11	
651320.719	3874038.75	277.790001	1E-11	1E-11	1E-11	
651624.75	3874038.75	276.579994	1E-11	1E-11	1E-11	
651928.875	3874038.75	276.730003	1E-11	1E-11	1E-11	
646152.031	3873660.13	264.769997	1E-11	1E-11	1E-11	
646456.063	3873660.13	270.600006	1E-11	1E-11	1E-11	
646760.094	3873660.13	274.369995	1E-11	1E-11	1E-11	
647064.156	3873660.13	278.579994	1E-11	1E-11	1E-11	
647368.188	3873660.13	281.75	1E-11	1E-11	1E-11	
647672.219	3873660.13	282.730011	1E-11	1E-11	1E-11	
647976.25	3873660.13	283.119995	1E-11	1E-11	1E-11	
648280.281	3873660.13	283.480011	1E-11	1E-11	1E-11	
648584.344	3873660.13	282.089996	1E-11	1E-11	1E-11	
648888.375	3873660.13	280.25	1E-11	1E-11	1E-11	
649192.406	3873660.13	278.299995	1E-11	1E-11	1E-11	
649496.469	3873660.13	275.630005	1E-11	1E-11	1E-11	
649800.5	3873660.13	274.589996	1E-11	1E-11	1E-11	
650104.531	3873660.13	275.489998	1E-11	1E-11	1E-11	
650408.594	3873660.13	276.119995	1E-11	1E-11	1E-11	
650712.625	3873660.13	278.079987	1E-11	1E-11	1E-11	
651016.656	3873660.13	280.320007	1E-11	1E-11	1E-11	
651320.719	3873660.13	284.179993	1E-11	1E-11	1E-11	
651624.75	3873660.13	281.290009	1E-11	1E-11	1E-11	
651928.875	3873660.13	282.25	1E-11	1E-11	1E-11	
646152.031	3873281.5	263.809998	1E-11	1E-11	1E-11	
646456.063	3873281.5	283.25	1E-11	1E-11	1E-11	
646760.094	3873281.5	283.220001	1E-11	1E-11	1E-11	
647064.156	3873281.5	286.480011	1E-11	1E-11	1E-11	
647368.188	3873281.5	285.790009	1E-11	1E-11	1E-11	
647672.219	3873281.5	284.790009	1E-11	1E-11	1E-11	
647976.25	3873281.5	285.369995	1E-11	1E-11	1E-11	
648280.281	3873281.5	285.98999	1E-11	1E-11	1E-11	
648584.344	3873281.5	285.709991	1E-11	1E-11	1E-11	
648888.375	3873281.5	283.630005	1E-11	1E-11	1E-11	
649192.406	3873281.5	282.380005	1E-11	1E-11	1E-11	
649496.469	3873281.5	280.089996	1E-11	1E-11	1E-11	
649800.5	3873281.5	279.390015	1E-11	1E-11	1E-11	
650104.531	3873281.5	279.350006	1E-11	1E-11	1E-11	
650408.594	3873281.5	281.190002	1E-11	1E-11	1E-11	
650712.625	3873281.5	285.095001	1E-11	1E-11	1E-11	
651016.656	3873281.5	292.970001	1E-11	1E-11	1E-11	
651320.719	3873281.5	289.339996	1E-11	1E-11	1E-11	
651624.75	3873281.5	291.920013	1E-11	1E-11	1E-11	
651928.875	3873281.5	286.410004	1E-11	1E-11	1E-11	
646152.031	3872903	274.119995	1E-11	1E-11	1E-11	
646456.063	3872903	282.5	1E-11	1E-11	1E-11	
646760.094	3872903	296.98999	1E-11	1E-11	1E-11	
647064.156	3872903	298.079987	1E-11	1E-11	1E-11	
647368.188	3872903	292.579987	1E-11	1E-11	1E-11	
647672.219	3872903	287.369995	1E-11	1E-11	1E-11	
647976.25	3872903	286.579987	1E-11	1E-11	1E-11	
648280.281	3872903	285.609985	1E-11	1E-11	1E-11	
648584.344	3872903	285.220001	1E-11	1E-11	1E-11	
648888.375	3872903	284.799988	1E-11	1E-11	1E-11	
649192.406	3872903	283.730011	1E-11	1E-11	1E-11	
649496.469	3872903	283.350006	1E-11	1E-11	1E-11	
649800.5	3872903	284.540009	1E-11	1E-11	1E-11	
650104.531	3872903	287.079987	1E-11	1E-11	1E-11	
650408.594	3872903	290.230011	1E-11	1E-11	1E-11	
650712.625	3872903	303.329987	1E-11	1E-11	1E-11	
651016.656	3872903	299.559998	1E-11	1E-11	1E-11	
651320.719	3872903	297.73999	1E-11	1E-11	1E-11	
651624.75	3872903	296.679993	1E-11	1E-11	1E-11	
651928.875	3872903	292.779999	1E-11	1E-11	1E-11	
646152.031	3872524.5	288.209991	1E-11	1E-11	1E-11	
646456.063	3872524.5	278.390007	1E-11	1E-11	1E-11	
646760.094	3872524.5	297.700012	1E-11	1E-11	1E-11	
647064.156	3872524.5	312.5	1E-11	1E-11	1E-11	
647368.188	3872524.5	294.229996	1E-11	1E-11	1E-11	
647672.219	3872524.5	290.100006	1E-11	1E-11	1E-11	
647976.25	3872524.5	288.579987	1E-11	1E-11	1E-11	
648280.281	3872524.5	287.73999	1E-11	1E-11	1E-11	
648584.344	3872524.5	288.070007	1E-11	1E-11	1E-11	
648888.375	3872524.5	287.730011	1E-11	1E-11	1E-11	
649192.406	3872524.5	287.799988	1E-11	1E-11	1E-11	
649496.469	3872524.5	288.339996	1E-11	1E-11	1E-11	
649800.5	3872524.5	289.779999	1E-11	1E-11	1E-11	
650104.531	3872524.5	294.019989	1E-11	1E-11	1E-11	
650408.594	3872524.5	312.320007	1E-11	1E-11	1E-11	
650712.625	3872524.5	313.529999	1E-11	1E-11	1E-11	
651016.656	3872524.5	311.26001	1E-11	1E-11	1E-11	
651320.719	3872524.5	307.26001	1E-11	1E-11	1E-11	
651624.75	3872524.5	310.170013	1E-11	1E-11	1E-11	
651928.875	3872524.5	289.51001	1E-11	1E-11	1E-11	
646152.031	3872146	295.119995	1E-11	1E-11	1E-11	
646456.063	3872146	294.799988	1E-11	1E-11	1E-11	
646760.094	3872146	290.470001	1E-11	1E-11	1E-11	
647064.156	3872146	298.859985	1E-11	1E-11	1E-11	
647368.188	3872146	301.660004	1E-11	1E-11	1E-11	
647672.219	3872146	295.450012	1E-11	1E-11	1E-11	
647976.25	3872146	292.899994	1E-11	1E-11	1E-11	
648280.281	3872146	291.98999	1E-11	1E-11	1E-11	
648584.344	3872146	291.399994	1E-11	1E-11	1E-11	
648888.375	3872146	292.070007	1E-11	1E-11	1E-11	
649192.406	3872146	292.76001	1E-11	1E-11	1E-11	
649496.469	3872146	295.220001	1E-11	1E-11	1E-11	
649800.5	3872146	313.179993	1E-11	1E-11	1E-11	
650104.531	3872146	318.459991	1E-11	1E-11	1E-11	
650408.594	3872146	325.179993	1E-11	1E-11	1E-11	
650712.625	3872146	324.399994	1E-11	1E-11	1E-11	
651016.656	3872146	319.940002	1E-11	1E-11	1E-11	
651320.719	3872146	322.709991	1E-11	1E-11	1E-11	
651624.75	3872146	316.040009	1E-11	1E-11	1E-11	
651928.875	3872146	277.459999	1E-11	1E-11	1E-11	
646152.031	3871767.38	310.619995	1E-11	1E-11	1E-11	
646456.063	3871767.38	306.940002	1E-11	1E-11	1E-11	
646760.094	3871767.38	304.290009	1E-11	1E-11	1E-11	
647064.156	3871767.38	309.5	1E-11	1E-11	1E-11	
647368.188	3871767.38	304.209991	1E-11	1E-11	1E-11	
647672.219	3871767.38	302.420013	1E-11	1E-11	1E-11	
647976.25	3871767.38	296.589996	1E-11	1E-11	1E-11	
648280.281	3871767.38	294.959991	1E-11	1E-11	1E-11	
648584.344	3871767.38	293.399994	1E-11	1E-11	1E-11	
648888.375	3871767.38	294.549988	1E-11	1E-11	1E-11	
649192.406	3871767.38	298.839996	1E-11	1E-11	1E-11	
649496.469	3871767.38	303.220001	1E-11	1E-11	1E-11	
649800.5	3871767.38	307.290009	1E-11	1E-11	1E-11	
650104.531	3871767.38	311.160004	1E-11	1E-11	1E-11	
650408.594	3871767.38	334.519989	1E-11	1E-11	1E-11	
650712.625	3871767.38	337.670013	1E-11	1E-11	1E-11	
651016.656	3871767.38	332.910004	1E-11	1E-11	1E-11	
651320.719	3871767.38	333.859985	1E-11	1E-11	1E-11	
651624.75	3871767.38	320.350006	1E-11	1E-11	1E-11	
651928.875	3871767.38	270.609993	1E-11	1E-11	1E-11	
646152.031	3871388.75	321.119995	1E-11	1E-11	1E-11	
646456.063	3871388.75	314.559998	1E-11	1E-11	1E-11	
646760.094	3871388.75	314.579987	1E-11	1E-11	1E-11	
647064.156	3871388.75	310.420013	1E-11	1E-11	1E-11	
647368.188	3871388.75	309.380005	1E-11	1E-11	1E-11	
647672.219	3871388.75	308.480011	1E-11	1E-11	1E-11	
647976.25	3871388.75	301.910004	1E-11	1E-11	1E-11	
648280.281	3871388.75	298.089996	1E-11	1E-11	1E-11	
648584.344	3871388.75	298.079987	1E-11	1E-11	1E-11	
648888.375	3871388.75	300.269989	1E-11	1E-11	1E-11	
649192.406	3871388.75	303.26001	1E-11	1E-11	1E-11	
649496.469	3871388.75	309.140015	1E-11	1E-11	1E-11	
649800.5	3871388.75	310.269989	1E-11	1E-11	1E-11	
650104.531	3871388.75	312.709991	1E-11	1E-11	1E-11	
650408.594	3871388.75	316.579987	1E-11	1E-11	1E-11	
650712.625	3871388.75	321.309998	1E-11	1E-11	1E-11	
651016.656	3871388.75	321.470001	1E-11	1E-11	1E-11	
651320.719	3871388.75	322.959991	1E-11	1E-11	1E-11	
651624.75	3871388.75	324.799988	1E-11	1E-11	1E-11	
651928.875	3871388.75	287.399994	1E-11	1E-11	1E-11	
646152.031	3871010.25	336.799988	1E-11	1E-11	1E-11	
646456.063	3871010.25	334.160004	1E-11	1E-11	1E-11	
646760.094	3871010.25	327.619995	1E-11	1E-11	1E-11	
647064.156	3871010.25	316.179993	1E-11	1E-11	1E-11	
647368.188	3871010.25	312.839996	1E-11	1E-11	1E-11	
647672.219	3871010.25	312.579987	1E-11	1E-11	1E-11	
647976.25	3871010.25	306.859985	1E-11	1E-11	1E-11	
648280.281	3871010.25	303.029999	1E-11	1E-11	1E-11	
648584.344	3871010.25	302.730011	1E-11	1E-11	1E-11	
648888.375	3871010.25	305.649994	1E-11	1E-11	1E-11	
649192.406	3871010.25	310.01001	1E-11	1E-11	1E-11	
649496.469	3871010.25	312.690002	1E-11	1E-11	1E-11	
649800.5	3871010.25	314.25	1E-11	1E-11	1E-11	
650104.531	3871010.25	315.390015	1E-11	1E-11	1E-11	
650408.594	3871010.25	317.470001	1E-11	1E-11	1E-11	
650712.625	3871010.25	318.920013	1E-11	1E-11	1E-11	
651016.656	3871010.25	319.700012	1E-11	1E-11	1E-11	
651320.719	3871010.25	322.220001	1E-11	1E-11	1E-11	
651624.75	3871010.25	313.670013	1E-11	1E-11	1E-11	
651928.875	3871010.25	304.709991	1E-11	1E-11	1E-11	
646152.031	3870631.75	359.820007	1E-11	1E-11	1E-11	
646456.063	3870631.75	348.470001	1E-11	1E-11	1E-11	
646760.094	3870631.75	336.769989	1E-11	1E-11	1E-11	
647064.156	3870631.75	321.709991	1E-11	1E-11	1E-11	
647368.188	3870631.75	320.209991	1E-11	1E-11	1E-11	
647672.219	3870631.75	319.25	1E-11	1E-11	1E-11	
647976.25	3870631.75	312.570007	1E-11	1E-11	1E-11	
648280.281	3870631.75	308.040009	1E-11	1E-11	1E-11	
648584.344	3870631.75	308.320007	1E-11	1E-11	1E-11	
648888.375	3870631.75	312.75	1E-11	1E-11	1E-11	
649192.406	3870631.75	317.630005	1E-11	1E-11	1E-11	
649496.469	3870631.75	320.660004	1E-11	1E-11	1E-11	
649800.5	3870631.75	326.440002	1E-11	1E-11	1E-11	
650104.531	3870631.75	323.140015	1E-11	1E-11	1E-11	
650408.594	3870631.75	322.959991	1E-11	1E-11	1E-11	
650712.625	3870631.75	324.459991	1E-11	1E-11	1E-11	
651016.656	3870631.75	324.649994	1E-11	1E-11	1E-11	
651320.719	3870631.75	325.98999	1E-11	1E-11	1E-11	
651624.75	3870631.75	318.01001	1E-11	1E-11	1E-11	
651928.875	3870631.75	330.459991	1E-11	1E-11	1E-11	
646152.031	3870253.25	372.049988	1E-11	1E-11	1E-11	
646456.063	3870253.25	358.690002	1E-11	1E-11	1E-11	
646760.094	3870253.25	333.26001	1E-11	1E-11	1E-11	
647064.156	3870253.25	326.769989	1E-11	1E-11	1E-11	
647368.188	3870253.25	326.660004	1E-11	1E-11	1E-11	
647672.219	3870253.25	324.380005	1E-11	1E-11	1E-11	
647976.25	3870253.25	317.799988	1E-11	1E-11	1E-11	
648280.281	3870253.25	313.079987	1E-11	1E-11	1E-11	
648584.344	3870253.25	314.880005	1E-11	1E-11	1E-11	
648888.375	3870253.25	320.730011	1E-11	1E-11	1E-11	
649192.406	3870253.25	324.339996	1E-11	1E-11	1E-11	
649496.469	3870253.25	327.390015	1E-11	1E-11	1E-11	
649800.5	3870253.25	332.109985	1E-11	1E-11	1E-11	
650104.531	3870253.25	332.660004	1E-11	1E-11	1E-11	
650408.594	3870253.25	334.690002	1E-11	1E-11	1E-11	
650712.625	3870253.25	334.48999	1E-11	1E-11	1E-11	
651016.656	3870253.25	332.619995	1E-11	1E-11	1E-11	
651320.719	3870253.25	335.079987	1E-11	1E-11	1E-11	
651624.75	3870253.25	326.029999	1E-11	1E-11	1E-11	
651928.875	3870253.25	332.670013	1E-11	1E-11	1E-11	
646152.031	3869874.63	382.359985	1E-11	1E-11	1E-11	
646456.063	3869874.63	371.589996	1E-11	1E-11	1E-11	
646760.094	3869874.63	339.730011	1E-11	1E-11	1E-11	
647064.156	3869874.63	332.100006	1E-11	1E-11	1E-11	
647368.188	3869874.63	333.809998	1E-11	1E-11	1E-11	
647672.219	3869874.63	331.709991	1E-11	1E-11	1E-11	
647976.25	3869874.63	325.079987	1E-11	1E-11	1E-11	
648280.281	3869874.63	321.470001	1E-11	1E-11	1E-11	
648584.344	3869874.63	323.399994	1E-11	1E-11	1E-11	
648888.375	3869874.63	329.799988	1E-11	1E-11	1E-11	
649192.406	3869874.63	334.779999	1E-11	1E-11	1E-11	
649496.469	3869874.63	338.850006	1E-11	1E-11	1E-11	
649800.5	3869874.63	341.890015	1E-11	1E-11	1E-11	
650104.531	3869874.63	344.450012	1E-11	1E-11	1E-11	
650408.594	3869874.63	345.720001	1E-11	1E-11	1E-11	
650712.625	3869874.63	346.910004	1E-11	1E-11	1E-11	
651016.656	3869874.63	344.559998	1E-11	1E-11	1E-11	
651320.719	3869874.63	347.299988	1E-11	1E-11	1E-11	
651624.75	3869874.63	339.850006	1E-11	1E-11	1E-11	
651928.875	3869874.63	340.660004	1E-11	1E-11	1E-11	
646152.031	3869496	386.5	1E-11	1E-11	1E-11	
646456.063	3869496	371.910004	1E-11	1E-11	1E-11	
646760.094	3869496	343.190002	1E-11	1E-11	1E-11	
647064.156	3869496	337.950012	1E-11	1E-11	1E-11	
647368.188	3869496	338.600006	1E-11	1E-11	1E-11	
647672.219	3869496	339.570007	1E-11	1E-11	1E-11	
647976.25	3869496	331.390015	1E-11	1E-11	1E-11	
648280.281	3869496	328.290009	1E-11	1E-11	1E-11	
648584.344	3869496	332.369995	1E-11	1E-11	1E-11	
648888.375	3869496	341.130005	1E-11	1E-11	1E-11	
649192.406	3869496	343.519989	1E-11	1E-11	1E-11	
649496.469	3869496	348.01001	1E-11	1E-11	1E-11	
649800.5	3869496	351.98999	1E-11	1E-11	1E-11	
650104.531	3869496	358.700012	1E-11	1E-11	1E-11	
650408.594	3869496	359.959991	1E-11	1E-11	1E-11	
650712.625	3869496	355.459991	1E-11	1E-11	1E-11	
651016.656	3869496	354.720001	1E-11	1E-11	1E-11	
651320.719	3869496	351.670013	1E-11	1E-11	1E-11	
651624.75	3869496	345.369995	1E-11	1E-11	1E-11	
651928.875	3869496	343.559998	1E-11	1E-11	1E-11	
646152.031	3869117.5	381.880005	1E-11	1E-11	1E-11	
646456.063	3869117.5	355.720001	1E-11	1E-11	1E-11	
646760.094	3869117.5	346.079987	1E-11	1E-11	1E-11	
647064.156	3869117.5	344.48999	1E-11	1E-11	1E-11	
647368.188	3869117.5	343.980011	1E-11	1E-11	1E-11	
647672.219	3869117.5	343.390015	1E-11	1E-11	1E-11	
647976.25	3869117.5	333.75	1E-11	1E-11	1E-11	
648280.281	3869117.5	332.23999	1E-11	1E-11	1E-11	
648584.344	3869117.5	337.850006	1E-11	1E-11	1E-11	
648888.375	3869117.5	349.299988	1E-11	1E-11	1E-11	
649192.406	3869117.5	353.299988	1E-11	1E-11	1E-11	
649496.469	3869117.5	358.559998	1E-11	1E-11	1E-11	
649800.5	3869117.5	359.119995	1E-11	1E-11	1E-11	
650104.531	3869117.5	370.980011	1E-11	1E-11	1E-11	
650408.594	3869117.5	369.179993	1E-11	1E-11	1E-11	
650712.625	3869117.5	363.350006	1E-11	1E-11	1E-11	
651016.656	3869117.5	363.980011	1E-11	1E-11	1E-11	
651320.719	3869117.5	361.26001	1E-11	1E-11	1E-11	
651624.75	3869117.5	354.100006	1E-11	1E-11	1E-11	
651928.875	3869117.5	344.230011	1E-11	1E-11	1E-11	
646152.031	3868739	372.070007	1E-11	1E-11	1E-11	
646456.063	3868739	355.429993	1E-11	1E-11	1E-11	
646760.094	3868739	353.679993	1E-11	1E-11	1E-11	
647064.156	3868739	351.98999	1E-11	1E-11	1E-11	
647368.188	3868739	350.839996	1E-11	1E-11	1E-11	
647672.219	3868739	342.920013	1E-11	1E-11	1E-11	
647976.25	3868739	334.040009	1E-11	1E-11	1E-11	
648280.281	3868739	334.839996	1E-11	1E-11	1E-11	
648584.344	3868739	343.450012	1E-11	1E-11	1E-11	
648888.375	3868739	357.049988	1E-11	1E-11	1E-11	
649192.406	3868739	367.670013	1E-11	1E-11	1E-11	
649496.469	3868739	369.529999	1E-11	1E-11	1E-11	
649800.5	3868739	371.029999	1E-11	1E-11	1E-11	
650104.531	3868739	371.940002	1E-11	1E-11	1E-11	
650408.594	3868739	374.140015	1E-11	1E-11	1E-11	
650712.625	3868739	374.320007	1E-11	1E-11	1E-11	
651016.656	3868739	373.26001	1E-11	1E-11	1E-11	
651320.719	3868739	372	1E-11	1E-11	1E-11	
651624.75	3868739	365.829987	1E-11	1E-11	1E-11	
651928.875	3868739	356.339996	1E-11	1E-11	1E-11	
646152.031	3868360.5	362.799988	1E-11	1E-11	1E-11	
646456.063	3868360.5	360.049988	1E-11	1E-11	1E-11	
646760.094	3868360.5	358.399994	1E-11	1E-11	1E-11	
647064.156	3868360.5	358.23999	1E-11	1E-11	1E-11	
647368.188	3868360.5	353.48999	1E-11	1E-11	1E-11	
647672.219	3868360.5	337.670013	1E-11	1E-11	1E-11	
647976.25	3868360.5	331.309998	1E-11	1E-11	1E-11	
648280.281	3868360.5	334.220001	1E-11	1E-11	1E-11	
648584.344	3868360.5	346.299988	1E-11	1E-11	1E-11	
648888.375	3868360.5	364.23999	1E-11	1E-11	1E-11	
649192.406	3868360.5	366.660004	1E-11	1E-11	1E-11	
649496.469	3868360.5	381.420013	1E-11	1E-11	1E-11	
649800.5	3868360.5	382.089996	1E-11	1E-11	1E-11	
650104.531	3868360.5	380.609985	1E-11	1E-11	1E-11	
650408.594	3868360.5	384.23999	1E-11	1E-11	1E-11	
650712.625	3868360.5	388.179993	1E-11	1E-11	1E-11	
651016.656	3868360.5	385.450012	1E-11	1E-11	1E-11	
651320.719	3868360.5	378.369995	1E-11	1E-11	1E-11	
651624.75	3868360.5	373.119995	1E-11	1E-11	1E-11	
651928.875	3868360.5	365.700012	1E-11	1E-11	1E-11	
646152.031	3867981.88	367.98999	1E-11	1E-11	1E-11	
646456.063	3867981.88	367.209991	1E-11	1E-11	1E-11	
646760.094	3867981.88	365.309998	1E-11	1E-11	1E-11	
647064.156	3867981.88	365.23999	1E-11	1E-11	1E-11	
647368.188	3867981.88	341.019989	1E-11	1E-11	1E-11	
647672.219	3867981.88	327.019989	1E-11	1E-11	1E-11	
647976.25	3867981.88	323.98999	1E-11	1E-11	1E-11	
648280.281	3867981.88	331.570007	1E-11	1E-11	1E-11	
648584.344	3867981.88	346.869995	1E-11	1E-11	1E-11	
648888.375	3867981.88	369.880005	1E-11	1E-11	1E-11	
649192.406	3867981.88	388.670013	1E-11	1E-11	1E-11	
649496.469	3867981.88	394.410004	1E-11	1E-11	1E-11	
649800.5	3867981.88	396.730011	1E-11	1E-11	1E-11	
650104.531	3867981.88	398.25	1E-11	1E-11	1E-11	
650408.594	3867981.88	395.309998	1E-11	1E-11	1E-11	
650712.625	3867981.88	400.5	1E-11	1E-11	1E-11	
651016.656	3867981.88	401.540009	1E-11	1E-11	1E-11	
651320.719	3867981.88	393.040009	1E-11	1E-11	1E-11	
651624.75	3867981.88	380.940002	1E-11	1E-11	1E-11	
651928.875	3867981.88	361.549988	1E-11	1E-11	1E-11	
646152.031	3867603.25	372.670013	1E-11	1E-11	1E-11	
646456.063	3867603.25	373.350006	1E-11	1E-11	1E-11	
646760.094	3867603.25	371.940002	1E-11	1E-11	1E-11	
647064.156	3867603.25	346.589996	1E-11	1E-11	1E-11	
647368.188	3867603.25	322.980011	1E-11	1E-11	1E-11	
647672.219	3867603.25	312.429993	1E-11	1E-11	1E-11	
647976.25	3867603.25	313.799995	1E-11	1E-11	1E-11	
648280.281	3867603.25	325.98999	1E-11	1E-11	1E-11	
648584.344	3867603.25	346.75	1E-11	1E-11	1E-11	
648888.375	3867603.25	374.5	1E-11	1E-11	1E-11	
649192.406	3867603.25	394.130005	1E-11	1E-11	1E-11	
649496.469	3867603.25	406.529999	1E-11	1E-11	1E-11	
649800.5	3867603.25	411.679993	1E-11	1E-11	1E-11	
650104.531	3867603.25	414.790009	1E-11	1E-11	1E-11	
650408.594	3867603.25	407.329987	1E-11	1E-11	1E-11	
650712.625	3867603.25	416.390015	1E-11	1E-11	1E-11	
651016.656	3867603.25	415.980011	1E-11	1E-11	1E-11	
651320.719	3867603.25	408.910004	1E-11	1E-11	1E-11	
651624.75	3867603.25	386.570007	1E-11	1E-11	1E-11	
651928.875	3867603.25	364.019989	1E-11	1E-11	1E-11	
646152.031	3867287	377.350006	1E-11	1E-11	1E-11	
646456.063	3867287	378.029999	1E-11	1E-11	1E-11	
646760.094	3867287	378.059998	1E-11	1E-11	1E-11	
647064.156	3867287	373.059998	1E-11	1E-11	1E-11	
647368.188	3867287	361.399994	1E-11	1E-11	1E-11	
647672.219	3867287	358.829987	1E-11	1E-11	1E-11	
647976.25	3867287	362.679993	1E-11	1E-11	1E-11	
648280.281	3867287	371.950012	1E-11	1E-11	1E-11	
648584.344	3867287	386.660004	1E-11	1E-11	1E-11	
648888.375	3867287	402.600006	1E-11	1E-11	1E-11	
649192.406	3867287	406.76001	1E-11	1E-11	1E-11	
649496.469	3867287	415.019989	1E-11	1E-11	1E-11	
649800.5	3867287	419.850006	1E-11	1E-11	1E-11	
650104.531	3867287	423.209991	1E-11	1E-11	1E-11	
650408.594	3867287	419.700012	1E-11	1E-11	1E-11	
650712.625	3867287	423.359985	1E-11	1E-11	1E-11	
651016.656	3867287	418.190002	1E-11	1E-11	1E-11	
651320.719	3867287	411.769989	1E-11	1E-11	1E-11	
651624.75	3867287	393.420013	1E-11	1E-11	1E-11	
651928.875	3867287	383.299988	1E-11	1E-11	1E-11	
Layer 1
X	Y	Z	Kx	Ky	Kz	
646152.031	3881974.88	185.889999	0.0001	0.0001	1E-11	
646456.063	3881974.88	137.539993	0.0001	0.0001	1E-11	
646760.094	3881974.88	150.050003	0.0001	0.0001	1E-11	
647064.156	3881974.88	174.32	0.0001	0.0001	1E-11	
647368.188	3881974.88	208.365005	0.0001	0.0001	1E-11	
647672.219	3881974.88	209.439995	0.0001	0.0001	1E-11	
647976.25	3881974.88	212.889999	0.0005	0.0005	1E-12	
648280.281	3881974.88	140.294998	0.0001	0.0001	1E-11	
648584.344	3881974.88	134.797501	0.0001	0.0001	1E-11	
648888.375	3881974.88	120.526501	0.0001	0.0001	1E-11	
649192.406	3881974.88	108.429497	0.0001	0.0001	1E-11	
649496.469	3881974.88	102.470499	0.0001	0.0001	1E-11	
649800.5	3881974.88	97.7859993	0.0001	0.0001	1E-11	
650104.531	3881974.88	97.729497	0.0001	0.0001	1E-11	
650408.594	3881974.88	108.757164	0.0001	0.0001	1E-11	
650712.625	3881974.88	101.629501	0.0001	0.0001	1E-11	
651016.656	3881974.88	95.9945011	0.0001	0.0001	1E-11	
651320.719	3881974.88	86.3494968	0.0001	0.0001	1E-11	
651624.75	3881974.88	80.2615013	0.0001	0.0001	1E-11	
651928.875	3881974.88	69.7884979	0.0001	0.0001	1E-11	
646152.031	3881590.13	186.509995	0.0001	0.0001	1E-11	
646456.063	3881590.13	147.720001	0.0001	0.0001	1E-11	
646760.094	3881590.13	146.690002	0.0001	0.0001	1E-11	
647064.156	3881590.13	209.880005	0.0001	0.0001	1E-11	
647368.188	3881590.13	207.435005	0.0001	0.0001	1E-11	
647672.219	3881590.13	208.355003	0.0001	0.0001	1E-11	
647976.25	3881590.13	212.005005	0.0001	0.0001	1E-11	
648280.281	3881590.13	217.794998	0.0005	0.0005	1E-12	
648584.344	3881590.13	179.860001	0.0001	0.0001	1E-11	
648888.375	3881590.13	157.57	0.0001	0.0001	1E-11	
649192.406	3881590.13	138.579998	0.0001	0.0001	1E-11	
649496.469	3881590.13	128.599998	0.0001	0.0001	1E-11	
649800.5	3881590.13	125.358501	0.0001	0.0001	1E-11	
650104.531	3881590.13	124.213001	0.0001	0.0001	1E-11	
650408.594	3881590.13	124.726	0.0001	0.0001	1E-11	
650712.625	3881590.13	110.130503	0.0001	0.0001	1E-11	
651016.656	3881590.13	101.451949	0.0001	0.0001	1E-11	
651320.719	3881590.13	102.911504	0.0001	0.0001	1E-11	
651624.75	3881590.13	99.3380013	0.0001	0.0001	1E-11	
651928.875	3881590.13	88.6049995	0.0001	0.0001	1E-11	
646152.031	3881231.25	185.389999	0.0001	0.0001	1E-11	
646456.063	3881231.25	206.970001	0.0001	0.0001	1E-11	
646760.094	3881231.25	167.389999	0.0001	0.0001	1E-11	
647064.156	3881231.25	210.899994	0.0001	0.0001	1E-11	
647368.188	3881231.25	208.210007	0.0001	0.0001	1E-11	
647672.219	3881231.25	209.099998	0.0001	0.0001	1E-11	
647976.25	3881231.25	212.295006	0.0001	0.0001	1E-11	
648280.281	3881231.25	218.43	0.0001	0.0001	1E-11	
648584.344	3881231.25	227.25	0.0001	0.0001	1E-11	
648888.375	3881231.25	204.979996	0.0001	0.0001	1E-11	
649192.406	3881231.25	163.270004	0.0001	0.0001	1E-11	
649496.469	3881231.25	152.470001	0.0001	0.0001	1E-11	
649800.5	3881231.25	155.5	0.0001	0.0001	1E-11	
650104.531	3881231.25	157.889999	0.0001	0.0001	1E-11	
650408.594	3881231.25	173.460007	0.0001	0.0001	1E-11	
650712.625	3881231.25	189.184998	0.0001	0.0001	1E-11	
651016.656	3881231.25	172.82	0.0001	0.0001	1E-11	
651320.719	3881231.25	150.9035	0.0001	0.0001	1E-11	
651624.75	3881231.25	127.185	0.0001	0.0001	1E-11	
651928.875	3881231.25	111.037994	0.0001	0.0001	1E-11	
646152.031	3880852.63	218.910004	0.0001	0.0001	1E-11	
646456.063	3880852.63	221.580002	0.0001	0.0001	1E-11	
646760.094	3880852.63	222.789993	0.0001	0.0001	1E-11	
647064.156	3880852.63	207.529999	1E-5	1E-5	1E-11	
647368.188	3880852.63	211.619995	0.0001	0.0001	1E-11	
647672.219	3880852.63	211.949997	0.0001	0.0001	1E-11	
647976.25	3880852.63	214.464996	0.0001	0.0001	1E-11	
648280.281	3880852.63	218.610001	0.0001	0.0001	1E-11	
648584.344	3880852.63	223.730003	0.0001	0.0001	1E-11	
648888.375	3880852.63	226.605003	0.0001	0.0001	1E-11	
649192.406	3880852.63	211.210007	0.0001	0.0001	1E-11	
649496.469	3880852.63	175.660004	0.0001	0.0001	1E-11	
649800.5	3880852.63	165.139999	0.0001	0.0001	1E-11	
650104.531	3880852.63	160.320007	0.0001	0.0001	1E-11	
650408.594	3880852.63	163.850006	0.0001	0.0001	1E-11	
650712.625	3880852.63	174.229996	0.0001	0.0001	1E-11	
651016.656	3880852.63	174.599998	0.0001	0.0001	1E-11	
651320.719	3880852.63	165.880001	0.0001	0.0001	1E-11	
651624.75	3880852.63	152.333	0.0001	0.0001	1E-11	
651928.875	3880852.63	112.807052	0.0001	0.0001	1E-11	
646152.031	3880474	226.929993	0.0001	0.0001	1E-11	
646456.063	3880474	239.559998	0.0001	0.0001	1E-11	
646760.094	3880474	234.119995	0.0001	0.0001	1E-11	
647064.156	3880474	228.410004	0.0001	0.0001	1E-11	
647368.188	3880474	231.834999	0.0001	0.0001	1E-11	
647672.219	3880474	216.470001	0.0001	0.0001	1E-11	
647976.25	3880474	218.459999	0.0001	0.0001	1E-11	
648280.281	3880474	220.07	0.0001	0.0001	1E-11	
648584.344	3880474	224.525002	0.0001	0.0001	1E-11	
648888.375	3880474	229.315002	0.0001	0.0001	1E-11	
649192.406	3880474	233.190002	0.0001	0.0001	1E-11	
649496.469	3880474	232.820007	0.0001	0.0001	1E-11	
649800.5	3880474	207.619995	0.0001	0.0001	1E-11	
650104.531	3880474	177.630005	0.0001	0.0001	1E-11	
650408.594	3880474	166.419998	0.0001	0.0001	1E-11	
650712.625	3880474	167.240005	0.0001	0.0001	1E-11	
651016.656	3880474	175.25	0.0001	0.0001	1E-11	
651320.719	3880474	164.970001	0.0001	0.0001	1E-11	
651624.75	3880474	147.034996	0.0001	0.0001	1E-11	
651928.875	3880474	116.687496	0.0001	0.0001	1E-11	
646152.031	3880095.5	246.739998	0.0001	0.0001	1E-11	
646456.063	3880095.5	252.809998	0.0001	0.0001	1E-11	
646760.094	3880095.5	243.130005	0.0001	0.0001	1E-11	
647064.156	3880095.5	241.169998	0.0001	0.0001	1E-11	
647368.188	3880095.5	246.004997	0.0001	0.0001	1E-11	
647672.219	3880095.5	240.875	0.0001	0.0001	1E-11	
647976.25	3880095.5	226.014999	0.0001	0.0001	1E-11	
648280.281	3880095.5	227.105003	0.0001	0.0001	1E-11	
648584.344	3880095.5	228.57	0.0001	0.0001	1E-11	
648888.375	3880095.5	230.574997	0.0001	0.0001	1E-11	
649192.406	3880095.5	233.620003	0.0001	0.0001	1E-11	
649496.469	3880095.5	236.900002	0.0001	0.0001	1E-11	
649800.5	3880095.5	242.360001	0.0001	0.0001	1E-11	
650104.531	3880095.5	197.479996	0.0001	0.0001	1E-11	
650408.594	3880095.5	181.889999	0.0001	0.0001	1E-11	
650712.625	3880095.5	175.309998	0.0001	0.0001	1E-11	
651016.656	3880095.5	176.710007	0.0001	0.0001	1E-11	
651320.719	3880095.5	171.704994	0.0001	0.0001	1E-11	
651624.75	3880095.5	157.739998	0.0001	0.0001	1E-11	
651928.875	3880095.5	126.411503	0.0001	0.0001	1E-11	
646152.031	3879717	263.650002	0.0001	0.0001	1E-11	
646456.063	3879717	267.559998	0.0001	0.0001	1E-11	
646760.094	3879717	268.450012	0.0001	0.0001	1E-11	
647064.156	3879717	256.309998	0.0001	0.0001	1E-11	
647368.188	3879717	256.320007	0.0001	0.0001	1E-11	
647672.219	3879717	252.845001	0.0001	0.0001	1E-11	
647976.25	3879717	254.660004	0.0001	0.0001	1E-11	
648280.281	3879717	254.445007	0.0001	0.0001	1E-11	
648584.344	3879717	233.425003	0.0001	0.0001	1E-11	
648888.375	3879717	234.439995	0.0001	0.0001	1E-11	
649192.406	3879717	236.440002	0.0001	0.0001	1E-11	
649496.469	3879717	240	0.0001	0.0001	1E-11	
649800.5	3879717	242.644997	0.0001	0.0001	1E-11	
650104.531	3879717	246.149994	0.0001	0.0001	1E-11	
650408.594	3879717	249.779999	0.0001	0.0001	1E-11	
650712.625	3879717	191.240005	0.0001	0.0001	1E-11	
651016.656	3879717	176.820007	0.0001	0.0001	1E-11	
651320.719	3879717	175.960007	0.0001	0.0001	1E-11	
651624.75	3879717	182.455002	0.0001	0.0001	1E-11	
651928.875	3879717	143.661499	0.0001	0.0001	1E-11	
646152.031	3879338.5	278.405006	0.0001	0.0001	1E-11	
646456.063	3879338.5	293.644989	0.0001	0.0001	1E-11	
646760.094	3879338.5	283.949997	0.0001	0.0001	1E-11	
647064.156	3879338.5	278.674988	0.0001	0.0001	1E-11	
647368.188	3879338.5	274.269989	0.0001	0.0001	1E-11	
647672.219	3879338.5	271.830002	0.0001	0.0001	1E-11	
647976.25	3879338.5	268.764999	0.0001	0.0001	1E-11	
648280.281	3879338.5	264.340012	0.0001	0.0001	1E-11	
648584.344	3879338.5	259.409996	0.0001	0.0001	1E-11	
648888.375	3879338.5	255.769997	0.0001	0.0001	1E-11	
649192.406	3879338.5	243.059998	0.0001	0.0001	1E-11	
649496.469	3879338.5	242.975006	0.0001	0.0001	1E-11	
649800.5	3879338.5	244.435005	0.0001	0.0001	1E-11	
650104.531	3879338.5	247.095001	0.0001	0.0001	1E-11	
650408.594	3879338.5	248.509995	0.0001	0.0001	1E-11	
650712.625	3879338.5	250.200005	0.0001	0.0001	1E-11	
651016.656	3879338.5	192.160004	0.0001	0.0001	1E-11	
651320.719	3879338.5	186.009995	0.0001	0.0001	1E-11	
651624.75	3879338.5	207.375	0.0001	0.0001	1E-11	
651928.875	3879338.5	189.410004	0.0001	0.0001	1E-11	
646152.031	3878959.88	288.914993	0.0001	0.0001	1E-11	
646456.063	3878959.88	303.324997	0.0001	0.0001	1E-11	
646760.094	3878959.88	296.949997	0.0001	0.0001	1E-11	
647064.156	3878959.88	293.714996	0.0001	0.0001	1E-11	
647368.188	3878959.88	288.964996	0.0001	0.0001	1E-11	
647672.219	3878959.88	284.964996	0.0001	0.0001	1E-11	
647976.25	3878959.88	278.850006	0.0001	0.0001	1E-11	
648280.281	3878959.88	271.23999	0.0001	0.0001	1E-11	
648584.344	3878959.88	265.009995	0.0001	0.0001	1E-11	
648888.375	3878959.88	259.850006	0.0001	0.0001	1E-11	
649192.406	3878959.88	255.869995	0.0001	0.0001	1E-11	
649496.469	3878959.88	246.864998	0.0001	0.0001	1E-11	
649800.5	3878959.88	246.404999	0.0001	0.0001	1E-11	
650104.531	3878959.88	247.095001	0.0001	0.0001	1E-11	
650408.594	3878959.88	249.800003	0.0001	0.0001	1E-11	
650712.625	3878959.88	254.409996	0.0001	0.0001	1E-11	
651016.656	3878959.88	219.75	0.0001	0.0001	1E-11	
651320.719	3878959.88	188.75	0.0001	0.0001	1E-11	
651624.75	3878959.88	215.990005	0.0001	0.0001	1E-11	
651928.875	3878959.88	199.394997	0.0001	0.0001	1E-11	
646152.031	3878581.25	284.395004	0.0001	0.0001	1E-11	
646456.063	3878581.25	295.910004	0.0001	0.0001	1E-11	
646760.094	3878581.25	297.940002	0.0001	0.0001	1E-11	
647064.156	3878581.25	295.809998	0.0001	0.0001	1E-11	
647368.188	3878581.25	290.209991	0.0001	0.0001	1E-11	
647672.219	3878581.25	281.820007	0.0001	0.0001	1E-11	
647976.25	3878581.25	277.480011	0.0001	0.0001	1E-11	
648280.281	3878581.25	269.709991	0.0001	0.0001	1E-11	
648584.344	3878581.25	263.779999	0.0001	0.0001	1E-11	
648888.375	3878581.25	261.910004	0.0001	0.0001	1E-11	
649192.406	3878581.25	262.470001	0.0001	0.0001	1E-11	
649496.469	3878581.25	264.179993	0.0001	0.0001	1E-11	
649800.5	3878581.25	253.485001	0.0001	0.0001	1E-11	
650104.531	3878581.25	253.215004	0.0001	0.0001	1E-11	
650408.594	3878581.25	253.865005	0.0001	0.0001	1E-11	
650712.625	3878581.25	255.720001	0.0001	0.0001	1E-11	
651016.656	3878581.25	249.284996	0.0001	0.0001	1E-11	
651320.719	3878581.25	196.949997	0.0001	0.0001	1E-11	
651624.75	3878581.25	194.479996	0.0001	0.0001	1E-11	
651928.875	3878581.25	189.404999	0.0001	0.0001	1E-11	
646152.031	3878202.75	282.544998	0.0001	0.0001	1E-11	
646456.063	3878202.75	286.950012	0.0001	0.0001	1E-11	
646760.094	3878202.75	290.609985	0.0001	0.0001	1E-11	
647064.156	3878202.75	287.100006	0.0001	0.0001	1E-11	
647368.188	3878202.75	290.609985	0.0001	0.0001	1E-11	
647672.219	3878202.75	283.190002	0.0001	0.0001	1E-11	
647976.25	3878202.75	272.399994	0.0001	0.0001	1E-11	
648280.281	3878202.75	269.059998	0.0001	0.0001	1E-11	
648584.344	3878202.75	272.980011	0.0001	0.0001	1E-11	
648888.375	3878202.75	270.26001	0.0001	0.0001	1E-11	
649192.406	3878202.75	270.730011	0.0001	0.0001	1E-11	
649496.469	3878202.75	268.12999	0.0001	0.0001	1E-11	
649800.5	3878202.75	258.264999	0.0001	0.0001	1E-11	
650104.531	3878202.75	257.019997	0.0001	0.0001	1E-11	
650408.594	3878202.75	258.239998	0.0001	0.0001	1E-11	
650712.625	3878202.75	261.290009	0.0001	0.0001	1E-11	
651016.656	3878202.75	238.169998	0.0001	0.0001	1E-11	
651320.719	3878202.75	205.179993	0.0001	0.0001	1E-11	
651624.75	3878202.75	189.009995	0.0001	0.0001	1E-11	
651928.875	3878202.75	195.899994	0.0001	0.0001	1E-11	
646152.031	3877824.25	276.410004	0.0001	0.0001	1E-11	
646456.063	3877824.25	277.170013	0.0001	0.0001	1E-11	
646760.094	3877824.25	281.25	0.0001	0.0001	1E-11	
647064.156	3877824.25	286.98999	0.0001	0.0001	1E-11	
647368.188	3877824.25	288.940002	0.0001	0.0001	1E-11	
647672.219	3877824.25	282.049988	0.0001	0.0001	1E-11	
647976.25	3877824.25	280	0.0001	0.0001	1E-11	
648280.281	3877824.25	277.410004	0.0001	0.0001	1E-11	
648584.344	3877824.25	275.480011	0.0001	0.0001	1E-11	
648888.375	3877824.25	274.730011	0.0001	0.0001	1E-11	
649192.406	3877824.25	272.410004	0.0001	0.0001	1E-11	
649496.469	3877824.25	270.019989	0.0001	0.0001	1E-11	
649800.5	3877824.25	262.284996	0.0001	0.0001	1E-11	
650104.531	3877824.25	261.439995	0.0001	0.0001	1E-11	
650408.594	3877824.25	262.215004	0.0001	0.0001	1E-11	
650712.625	3877824.25	262.445007	0.0001	0.0001	1E-11	
651016.656	3877824.25	250.449997	0.0001	0.0001	1E-11	
651320.719	3877824.25	227.779999	0.0001	0.0001	1E-11	
651624.75	3877824.25	198.990005	0.0001	0.0001	1E-11	
651928.875	3877824.25	196.610001	0.0001	0.0001	1E-11	
646152.031	3877445.75	271.399994	0.0001	0.0001	1E-11	
646456.063	3877445.75	275.820007	0.0001	0.0001	1E-11	
646760.094	3877445.75	286.149994	0.0001	0.0001	1E-11	
647064.156	3877445.75	291.950012	0.0001	0.0001	1E-11	
647368.188	3877445.75	293.350006	0.0001	0.0001	1E-11	
647672.219	3877445.75	290.790009	0.0001	0.0001	1E-11	
647976.25	3877445.75	288.420013	0.0001	0.0001	1E-11	
648280.281	3877445.75	285.019989	0.0001	0.0001	1E-11	
648584.344	3877445.75	281.160004	0.0001	0.0001	1E-11	
648888.375	3877445.75	275.920013	0.0001	0.0001	1E-11	
649192.406	3877445.75	274.320007	0.0001	0.0001	1E-11	
649496.469	3877445.75	275.059998	0.0001	0.0001	1E-11	
649800.5	3877445.75	266.565002	0.0001	0.0001	1E-11	
650104.531	3877445.75	265.415009	0.0001	0.0001	1E-11	
650408.594	3877445.75	265.860001	0.0001	0.0001	1E-11	
650712.625	3877445.75	265.709991	0.0001	0.0001	1E-11	
651016.656	3877445.75	269.48999	0.0001	0.0001	1E-11	
651320.719	3877445.75	238.039993	0.0001	0.0001	1E-11	
651624.75	3877445.75	207.729996	0.0001	0.0001	1E-11	
651928.875	3877445.75	200.570007	0.0001	0.0001	1E-11	
646152.031	3877067.13	270.390015	0.0001	0.0001	1E-11	
646456.063	3877067.13	277.519989	0.0001	0.0001	1E-11	
646760.094	3877067.13	284.950012	0.0001	0.0001	1E-11	
647064.156	3877067.13	292.059998	0.0001	0.0001	1E-11	
647368.188	3877067.13	297.369995	0.0001	0.0001	1E-11	
647672.219	3877067.13	296.899994	0.0001	0.0001	1E-11	
647976.25	3877067.13	293.660004	0.0001	0.0001	1E-11	
648280.281	3877067.13	288.459991	0.0001	0.0001	1E-11	
648584.344	3877067.13	285.320007	0.0001	0.0001	1E-11	
648888.375	3877067.13	279.970001	0.0001	0.0001	1E-11	
649192.406	3877067.13	279.600006	0.0001	0.0001	1E-11	
649496.469	3877067.13	280.395004	0.0001	0.0001	1E-11	
649800.5	3877067.13	268.849991	0.0001	0.0001	1E-11	
650104.531	3877067.13	266.884995	0.0001	0.0001	1E-11	
650408.594	3877067.13	267.720001	0.0001	0.0001	1E-11	
650712.625	3877067.13	268.299988	0.0001	0.0001	1E-11	
651016.656	3877067.13	271.830002	0.0001	0.0001	1E-11	
651320.719	3877067.13	266.339996	0.0001	0.0001	1E-11	
651624.75	3877067.13	231.360001	0.0001	0.0001	1E-11	
651928.875	3877067.13	217.960007	0.0001	0.0001	1E-11	
646152.031	3876688.5	267.100006	0.0001	0.0001	1E-11	
646456.063	3876688.5	273.089996	0.0001	0.0001	1E-11	
646760.094	3876688.5	280.950012	0.0001	0.0001	1E-11	
647064.156	3876688.5	285.98999	0.0001	0.0001	1E-11	
647368.188	3876688.5	296.279999	0.0001	0.0001	1E-11	
647672.219	3876688.5	294.98999	0.0001	0.0001	1E-11	
647976.25	3876688.5	289.600006	0.0001	0.0001	1E-11	
648280.281	3876688.5	289.109985	0.0001	0.0001	1E-11	
648584.344	3876688.5	284.809998	0.0001	0.0001	1E-11	
648888.375	3876688.5	284.890015	0.0001	0.0001	1E-11	
649192.406	3876688.5	287.390015	0.0001	0.0001	1E-11	
649496.469	3876688.5	284.964996	0.0001	0.0001	1E-11	
649800.5	3876688.5	270.744995	0.0001	0.0001	1E-11	
650104.531	3876688.5	268.410004	0.0001	0.0001	1E-11	
650408.594	3876688.5	270.125	0.0001	0.0001	1E-11	
650712.625	3876688.5	269.360001	0.0001	0.0001	1E-11	
651016.656	3876688.5	273.585007	0.0001	0.0001	1E-11	
651320.719	3876688.5	265.26001	0.0001	0.0001	1E-11	
651624.75	3876688.5	241.490005	0.0001	0.0001	1E-11	
651928.875	3876688.5	227.029999	0.0001	0.0001	1E-11	
646152.031	3876310	260.339996	0.0001	0.0001	1E-11	
646456.063	3876310	269.380005	0.0001	0.0001	1E-11	
646760.094	3876310	273.790009	0.0001	0.0001	1E-11	
647064.156	3876310	278.5	0.0001	0.0001	1E-11	
647368.188	3876310	281.339996	0.0001	0.0001	1E-11	
647672.219	3876310	282.429993	0.0001	0.0001	1E-11	
647976.25	3876310	284.700012	0.0001	0.0001	1E-11	
648280.281	3876310	288.420013	0.0001	0.0001	1E-11	
648584.344	3876310	286.899994	0.0001	0.0001	1E-11	
648888.375	3876310	284.140015	0.0001	0.0001	1E-11	
649192.406	3876310	284.914993	0.0001	0.0001	1E-11	
649496.469	3876310	284.105011	0.0001	0.0001	1E-11	
649800.5	3876310	278.639999	0.0001	0.0001	1E-11	
650104.531	3876310	276.309998	0.0001	0.0001	1E-11	
650408.594	3876310	276.759995	0.0001	0.0001	1E-11	
650712.625	3876310	278.360001	0.0001	0.0001	1E-11	
651016.656	3876310	280.090012	0.0001	0.0001	1E-11	
651320.719	3876310	278.580002	0.0001	0.0001	1E-11	
651624.75	3876310	249.080002	0.0001	0.0001	1E-11	
651928.875	3876310	227.020004	0.0001	0.0001	1E-11	
646152.031	3875931.5	265.220001	0.0001	0.0001	1E-11	
646456.063	3875931.5	268.049988	0.0001	0.0001	1E-11	
646760.094	3875931.5	269.519989	0.0001	0.0001	1E-11	
647064.156	3875931.5	269.75	0.0001	0.0001	1E-11	
647368.188	3875931.5	274.170013	0.0001	0.0001	1E-11	
647672.219	3875931.5	278.859985	0.0001	0.0001	1E-11	
647976.25	3875931.5	285.959991	0.0001	0.0001	1E-11	
648280.281	3875931.5	289.779999	0.0001	0.0001	1E-11	
648584.344	3875931.5	291.130005	0.0001	0.0001	1E-11	
648888.375	3875931.5	291.480011	1E-5	1E-5	1E-11	
649192.406	3875931.5	291.115005	0.0001	0.0001	1E-11	
649496.469	3875931.5	289.169998	1E-5	1E-5	1E-11	
649800.5	3875931.5	284.029999	1E-5	1E-5	1E-11	
650104.531	3875931.5	281.889999	1E-5	1E-5	1E-11	
650408.594	3875931.5	282.334991	0.001	0.0001	1E-11	
650712.625	3875931.5	282.175003	0.001	0.001	1E-11	
651016.656	3875931.5	283.940002	0.001	0.001	1E-11	
651320.719	3875931.5	266.040009	0.0001	0.0001	1E-11	
651624.75	3875931.5	245.820007	0.0001	0.0001	1E-11	
651928.875	3875931.5	263.649994	0.0001	0.0001	1E-11	
646152.031	3875553	268.630005	0.0001	0.0001	1E-11	
646456.063	3875553	270.48999	0.0001	0.0001	1E-11	
646760.094	3875553	275.519989	0.0001	0.0001	1E-11	
647064.156	3875553	275.98999	0.0001	0.0001	1E-11	
647368.188	3875553	277.890015	0.0001	0.0001	1E-11	
647672.219	3875553	284.140015	0.0001	0.0001	1E-11	
647976.25	3875553	289.549988	0.0001	0.0001	1E-11	
648280.281	3875553	294.170013	0.0001	0.0001	1E-11	
648584.344	3875553	296.610001	1E-5	1E-5	1E-11	
648888.375	3875553	296.899994	1E-5	1E-5	1E-11	
649192.406	3875553	295.5	1E-6	1E-6	1E-11	
649496.469	3875553	293.290009	1E-5	1E-5	1E-11	
649800.5	3875553	290.169998	0.0001	0.0001	1E-11	
650104.531	3875553	287.029999	0.0001	0.0001	1E-11	
650408.594	3875553	288.014999	0.0001	0.0001	1E-11	
650712.625	3875553	286.345001	0.0001	0.0001	1E-11	
651016.656	3875553	286.759995	0.0001	0.0001	1E-11	
651320.719	3875553	287.659988	0.0001	0.0001	1E-11	
651624.75	3875553	270.690002	0.0001	0.0001	1E-11	
651928.875	3875553	275.399994	0.0001	0.0001	1E-11	
646152.031	3875174.38	272.140015	0.0001	0.0001	1E-11	
646456.063	3875174.38	269.854996	0.0001	0.0001	1E-11	
646760.094	3875174.38	281.459991	0.0001	0.0001	1E-11	
647064.156	3875174.38	282.220001	0.0001	0.0001	1E-11	
647368.188	3875174.38	286.970001	0.0001	0.0001	1E-11	
647672.219	3875174.38	292.019989	0.0001	0.0001	1E-11	
647976.25	3875174.38	293.820007	0.0001	0.0001	1E-11	
648280.281	3875174.38	303.5	0.0001	0.0001	1E-11	
648584.344	3875174.38	301.950012	1E-5	1E-5	1E-11	
648888.375	3875174.38	299.150009	1E-5	1E-5	1E-11	
649192.406	3875174.38	297.380005	1E-5	1E-5	1E-11	
649496.469	3875174.38	295.665009	1E-5	1E-5	1E-11	
649800.5	3875174.38	291.270004	1E-5	1E-5	1E-11	
650104.531	3875174.38	288.839996	0.0001	0.0001	1E-11	
650408.594	3875174.38	290.395004	0.0001	0.0001	1E-11	
650712.625	3875174.38	292.139999	0.0001	0.0001	1E-11	
651016.656	3875174.38	289.285004	0.0001	0.0001	1E-11	
651320.719	3875174.38	293.369995	0.0001	0.0001	1E-11	
651624.75	3875174.38	288.779999	0.0001	0.0001	1E-11	
651928.875	3875174.38	273.98999	0.0001	0.0001	1E-11	
646152.031	3874795.75	273.190002	0.0001	0.0001	1E-11	
646456.063	3874795.75	273.550003	0.0001	0.0001	1E-11	
646760.094	3874795.75	284.945007	0.0001	0.0001	1E-11	
647064.156	3874795.75	287.26001	0.0001	0.0001	1E-11	
647368.188	3874795.75	292.720001	0.0001	0.0001	1E-11	
647672.219	3874795.75	302.570007	0.0001	0.0001	1E-11	
647976.25	3874795.75	303.809998	0.0001	0.0001	1E-11	
648280.281	3874795.75	303.420013	1E-5	1E-5	1E-11	
648584.344	3874795.75	302.709991	1E-5	1E-5	1E-11	
648888.375	3874795.75	302.690002	0.0001	0.0001	1E-11	
649192.406	3874795.75	300.505005	0.0001	0.0001	1E-11	
649496.469	3874795.75	298.949997	0.0001	0.0001	1E-11	
649800.5	3874795.75	295.130005	0.0001	0.0001	1E-11	
650104.531	3874795.75	294.955002	0.0001	0.0001	1E-11	
650408.594	3874795.75	294.429993	0.0001	0.0001	1E-11	
650712.625	3874795.75	296.919998	0.0001	0.0001	1E-11	
651016.656	3874795.75	294.154999	0.0001	0.0001	1E-11	
651320.719	3874795.75	299.050003	0.0001	0.0001	1E-11	
651624.75	3874795.75	292.51001	0.0001	0.0001	1E-11	
651928.875	3874795.75	292.440002	0.0001	0.0001	1E-11	
646152.031	3874417.25	281.399994	0.0001	0.0001	1E-11	
646456.063	3874417.25	277.844986	0.0001	0.0001	1E-11	
646760.094	3874417.25	286.154999	0.0001	0.0001	1E-11	
647064.156	3874417.25	293.149994	0.0001	0.0001	1E-11	
647368.188	3874417.25	300.519989	0.0001	0.0001	1E-11	
647672.219	3874417.25	306.790009	0.0001	0.0001	1E-11	
647976.25	3874417.25	307.630005	1E-5	1E-5	1E-11	
648280.281	3874417.25	306.25	1E-5	1E-5	1E-11	
648584.344	3874417.25	304.670013	1E-5	1E-5	1E-11	
648888.375	3874417.25	303.585007	1E-5	1E-5	1E-11	
649192.406	3874417.25	302.304993	1E-5	1E-5	1E-11	
649496.469	3874417.25	300.62999	0.001	0.0001	1E-11	
649800.5	3874417.25	299.75499	0.0001	0.0001	1E-11	
650104.531	3874417.25	299.790009	0.0001	0.0001	1E-11	
650408.594	3874417.25	297.335007	0.0001	0.0001	1E-11	
650712.625	3874417.25	299.514999	0.0001	0.0001	1E-11	
651016.656	3874417.25	301.48999	0.0001	0.0001	1E-11	
651320.719	3874417.25	303.459991	0.0001	0.0001	1E-11	
651624.75	3874417.25	295.329987	0.0001	0.0001	1E-11	
651928.875	3874417.25	298.640015	0.0001	0.0001	1E-11	
646152.031	3874038.75	291.890015	0.0001	0.0001	1E-11	
646456.063	3874038.75	287.224991	0.0001	0.0001	1E-11	
646760.094	3874038.75	291.544998	0.0001	0.0001	1E-11	
647064.156	3874038.75	294.720001	0.0001	0.0001	1E-11	
647368.188	3874038.75	306.329987	0.0001	0.0001	1E-11	
647672.219	3874038.75	313.890015	0.0001	0.0001	1E-11	
647976.25	3874038.75	312.899994	1E-5	1E-5	1E-11	
648280.281	3874038.75	312.529999	1E-5	1E-5	1E-11	
648584.344	3874038.75	312.110001	0.0001	0.0001	1E-11	
648888.375	3874038.75	310.38501	0.0001	0.0001	1E-11	
649192.406	3874038.75	306.214996	0.0001	0.0001	1E-11	
649496.469	3874038.75	302.895004	0.0001	0.0001	1E-11	
649800.5	3874038.75	299.529999	0.001	0.0001	1E-11	
650104.531	3874038.75	298.279999	0.001	0.0001	1E-11	
650408.594	3874038.75	298.930008	0.001	0.0001	1E-11	
650712.625	3874038.75	299.964996	0.001	0.0001	1E-11	
651016.656	3874038.75	302.289993	0.001	0.0001	1E-11	
651320.719	3874038.75	303.290009	0.0001	0.0001	1E-11	
651624.75	3874038.75	302.079987	0.0001	0.0001	1E-11	
651928.875	3874038.75	302.230011	0.0001	0.0001	1E-11	
646152.031	3873660.13	290.269989	0.0001	0.0001	1E-11	
646456.063	3873660.13	296.100006	0.0001	0.0001	1E-11	
646760.094	3873660.13	301.839996	0.0001	0.0001	1E-11	
647064.156	3873660.13	305.929993	0.0001	0.0001	1E-11	
647368.188	3873660.13	309.354996	0.0001	0.0001	1E-11	
647672.219	3873660.13	314.63501	0.001	0.0001	1E-11	
647976.25	3873660.13	314.964996	1E-6	1E-6	1E-11	
648280.281	3873660.13	317.065002	1E-6	1E-6	1E-11	
648584.344	3873660.13	315.649994	1E-6	1E-6	1E-11	
648888.375	3873660.13	312.714996	1E-5	1E-5	1E-11	
649192.406	3873660.13	308.98999	1E-5	1E-5	1E-11	
649496.469	3873660.13	305.725006	0.0001	0.0001	1E-11	
649800.5	3873660.13	304.029999	0.0001	0.0001	1E-11	
650104.531	3873660.13	303.599991	0.0001	0.0001	1E-11	
650408.594	3873660.13	302.649994	0.0001	0.0001	1E-11	
650712.625	3873660.13	305.304993	0.001	0.0001	1E-11	
651016.656	3873660.13	305.820007	1E-5	1E-5	1E-11	
651320.719	3873660.13	309.679993	0.0001	0.0001	1E-11	
651624.75	3873660.13	306.790009	0.0001	0.0001	1E-11	
651928.875	3873660.13	307.75	0.0001	0.0001	1E-11	
646152.031	3873281.5	289.309998	0.0001	0.0001	1E-11	
646456.063	3873281.5	308.75	0.0001	0.0001	1E-11	
646760.094	3873281.5	308.720001	0.0001	0.0001	1E-11	
647064.156	3873281.5	317.889999	0.0001	0.0001	1E-11	
647368.188	3873281.5	321.434998	0.0001	0.0001	1E-11	
647672.219	3873281.5	314.830002	0.001	0.0001	1E-11	
647976.25	3873281.5	318.414993	1E-6	1E-6	1E-11	
648280.281	3873281.5	319.86499	1E-6	1E-6	1E-11	
648584.344	3873281.5	319.784988	1E-6	1E-6	1E-11	
648888.375	3873281.5	315.615005	1E-6	1E-6	1E-11	
649192.406	3873281.5	312.860001	0.01	0.01	1E-11	
649496.469	3873281.5	308.360001	0.0001	0.0001	1E-11	
649800.5	3873281.5	307.12001	0.0001	0.0001	1E-11	
650104.531	3873281.5	305.12001	0.0001	0.0001	1E-11	
650408.594	3873281.5	306.690002	0.0001	0.0001	1E-11	
650712.625	3873281.5	308.595001	0.0001	0.0001	1E-11	
651016.656	3873281.5	318.470001	0.0001	0.0001	1E-11	
651320.719	3873281.5	314.839996	0.0001	0.0001	1E-11	
651624.75	3873281.5	317.420013	0.0001	0.0001	1E-11	
651928.875	3873281.5	311.910004	0.0001	0.0001	1E-11	
646152.031	3872903	299.619995	0.0001	0.0001	1E-11	
646456.063	3872903	308	0.0001	0.0001	1E-11	
646760.094	3872903	322.48999	0.0001	0.0001	1E-11	
647064.156	3872903	327.12999	0.0001	0.0001	1E-11	
647368.188	3872903	326.75499	0.0001	0.0001	1E-11	
647672.219	3872903	316.184998	0.001	0.0001	1E-11	
647976.25	3872903	319.529999	0.001	0.001	1E-11	
648280.281	3872903	319.344986	1E-6	1E-6	1E-11	
648584.344	3872903	318.490005	1E-6	1E-6	1E-11	
648888.375	3872903	317.154999	1E-6	1E-6	1E-11	
649192.406	3872903	312.125	0.001	0.0001	1E-11	
649496.469	3872903	309.589996	0.01	0.01	1E-11	
649800.5	3872903	307.199997	0.0001	0.0001	1E-11	
650104.531	3872903	308.979996	0.0001	0.0001	1E-11	
650408.594	3872903	310.955002	0.0001	0.0001	1E-11	
650712.625	3872903	328.829987	0.0001	0.0001	1E-11	
651016.656	3872903	325.059998	0.0001	0.0001	1E-11	
651320.719	3872903	323.23999	0.0001	0.0001	1E-11	
651624.75	3872903	322.179993	0.0001	0.0001	1E-11	
651928.875	3872903	318.279999	0.0001	0.0001	1E-11	
646152.031	3872524.5	313.709991	0.0001	0.0001	1E-11	
646456.063	3872524.5	303.890015	0.0001	0.0001	1E-11	
646760.094	3872524.5	323.200012	0.0001	0.0001	1E-11	
647064.156	3872524.5	338.395004	0.0001	0.0001	1E-11	
647368.188	3872524.5	318.149994	1E-5	1E-5	1E-11	
647672.219	3872524.5	317.25	0.001	0.001	1E-11	
647976.25	3872524.5	318.319992	0.001	0.001	1E-11	
648280.281	3872524.5	318.849991	0.001	0.001	1E-11	
648584.344	3872524.5	320.445007	0.001	0.001	1E-11	
648888.375	3872524.5	318.315002	0.001	0.001	1E-11	
649192.406	3872524.5	315.264999	0.001	0.0001	1E-11	
649496.469	3872524.5	311.770004	0.01	0.01	1E-11	
649800.5	3872524.5	310.779999	0.01	0.01	1E-11	
650104.531	3872524.5	313.044998	0.01	0.01	1E-11	
650408.594	3872524.5	337.820007	0.0001	0.0001	1E-11	
650712.625	3872524.5	339.029999	0.0001	0.0001	1E-11	
651016.656	3872524.5	336.76001	0.0001	0.0001	1E-11	
651320.719	3872524.5	332.76001	0.0001	0.0001	1E-11	
651624.75	3872524.5	335.670013	0.0001	0.0001	1E-11	
651928.875	3872524.5	315.01001	0.0001	0.0001	1E-11	
646152.031	3872146	320.619995	0.0001	0.0001	1E-11	
646456.063	3872146	320.299988	0.0001	0.0001	1E-11	
646760.094	3872146	315.970001	0.0001	0.0001	1E-11	
647064.156	3872146	324.359985	0.0001	0.0001	1E-11	
647368.188	3872146	323.660004	1E-5	1E-5	1E-11	
647672.219	3872146	322.525009	1E-5	1E-5	1E-11	
647976.25	3872146	323.675003	1E-5	1E-5	1E-11	
648280.281	3872146	324.970001	1E-5	1E-5	1E-11	
648584.344	3872146	323.474991	0.001	0.0001	1E-11	
648888.375	3872146	320.544998	1E-5	1E-5	1E-11	
649192.406	3872146	317.904999	1E-5	1E-5	1E-11	
649496.469	3872146	317.095001	1E-5	1E-5	1E-11	
649800.5	3872146	339.069992	0.0001	0.0001	1E-11	
650104.531	3872146	343.959991	0.0001	0.0001	1E-11	
650408.594	3872146	350.679993	0.0001	0.0001	1E-11	
650712.625	3872146	349.899994	0.0001	0.0001	1E-11	
651016.656	3872146	345.440002	0.0001	0.0001	1E-11	
651320.719	3872146	348.209991	0.0001	0.0001	1E-11	
651624.75	3872146	341.540009	0.0001	0.0001	1E-11	
651928.875	3872146	302.959991	0.0001	0.0001	1E-11	
646152.031	3871767.38	336.119995	0.0001	0.0001	1E-11	
646456.063	3871767.38	332.440002	0.0001	0.0001	1E-11	
646760.094	3871767.38	329.790009	0.0001	0.0001	1E-11	
647064.156	3871767.38	335	0.0001	0.0001	1E-11	
647368.188	3871767.38	329.709991	1E-5	1E-5	1E-11	
647672.219	3871767.38	329.315002	1E-5	1E-5	1E-11	
647976.25	3871767.38	327.039993	0.001	0.0001	1E-11	
648280.281	3871767.38	327.149994	0.001	0.0001	1E-11	
648584.344	3871767.38	324.634995	0.001	0.0001	1E-11	
648888.375	3871767.38	323.299988	0.001	0.0001	1E-11	
649192.406	3871767.38	324.035004	0.001	0.0001	1E-11	
649496.469	3871767.38	324.729996	0.001	0.0001	1E-11	
649800.5	3871767.38	326.290009	1E-5	1E-5	1E-11	
650104.531	3871767.38	327.160004	1E-5	1E-5	1E-11	
650408.594	3871767.38	360.019989	0.0001	0.0001	1E-11	
650712.625	3871767.38	363.170013	0.0001	0.0001	1E-11	
651016.656	3871767.38	358.410004	0.0001	0.0001	1E-11	
651320.719	3871767.38	366.144989	0.0001	0.0001	1E-11	
651624.75	3871767.38	357.445007	0.0001	0.0001	1E-11	
651928.875	3871767.38	296.109985	0.0001	0.0001	1E-11	
646152.031	3871388.75	346.619995	0.0001	0.0001	1E-11	
646456.063	3871388.75	340.059998	0.0001	0.0001	1E-11	
646760.094	3871388.75	340.079987	0.0001	0.0001	1E-11	
647064.156	3871388.75	335.920013	0.001	0.0001	1E-11	
647368.188	3871388.75	334.880005	0.001	0.0001	1E-11	
647672.219	3871388.75	332.980011	1E-5	1E-5	1E-11	
647976.25	3871388.75	330.884995	0.001	0.0001	1E-11	
648280.281	3871388.75	328.779999	0.0001	0.0001	1E-11	
648584.344	3871388.75	327.794998	0.0001	0.0001	1E-11	
648888.375	3871388.75	327.784988	0.0001	0.0001	1E-11	
649192.406	3871388.75	326.900009	0.0001	0.0001	1E-11	
649496.469	3871388.75	327.955002	0.0001	0.0001	1E-11	
649800.5	3871388.75	329.269989	0.0001	0.0001	1E-11	
650104.531	3871388.75	330.209991	0.0001	0.0001	1E-11	
650408.594	3871388.75	332.079987	1E-5	1E-5	1E-11	
650712.625	3871388.75	333.809998	1E-5	1E-5	1E-11	
651016.656	3871388.75	335.470001	1E-5	1E-5	1E-11	
651320.719	3871388.75	335.669998	1E-5	1E-5	1E-11	
651624.75	3871388.75	355.579987	0.0001	0.0001	1E-11	
651928.875	3871388.75	312.899994	0.0001	0.0001	1E-11	
646152.031	3871010.25	362.299988	0.0001	0.0001	1E-11	
646456.063	3871010.25	359.660004	0.0001	0.0001	1E-11	
646760.094	3871010.25	353.119995	0.0001	0.0001	1E-11	
647064.156	3871010.25	341.679993	0.001	0.0001	1E-11	
647368.188	3871010.25	338.339996	0.001	0.0001	1E-11	
647672.219	3871010.25	336.079987	0.001	0.0001	1E-11	
647976.25	3871010.25	333.724991	0.001	0.0001	1E-11	
648280.281	3871010.25	331.964996	0.001	0.0001	1E-11	
648584.344	3871010.25	331.305008	0.001	0.0001	1E-11	
648888.375	3871010.25	332.209991	1E-5	1E-5	1E-11	
649192.406	3871010.25	332.625	1E-5	1E-5	1E-11	
649496.469	3871010.25	334.190002	1E-5	1E-5	1E-11	
649800.5	3871010.25	336.25	1E-5	1E-5	1E-11	
650104.531	3871010.25	337.390015	1E-5	1E-5	1E-11	
650408.594	3871010.25	338.470001	1E-5	1E-5	1E-11	
650712.625	3871010.25	340.920013	1E-5	1E-5	1E-11	
651016.656	3871010.25	341.200012	0.001	0.0001	1E-11	
651320.719	3871010.25	342.720001	0.001	0.0001	1E-11	
651624.75	3871010.25	342.170013	0.001	0.0001	1E-11	
651928.875	3871010.25	330.209991	0.0001	0.0001	1E-11	
646152.031	3870631.75	385.320007	0.0001	0.0001	1E-11	
646456.063	3870631.75	373.970001	0.0001	0.0001	1E-11	
646760.094	3870631.75	362.269989	0.0001	0.0001	1E-11	
647064.156	3870631.75	347.209991	1E-5	1E-5	1E-11	
647368.188	3870631.75	345.209991	1E-5	1E-5	1E-11	
647672.219	3870631.75	340.75	1E-5	1E-5	1E-11	
647976.25	3870631.75	338.165009	0.0001	0.0001	1E-11	
648280.281	3870631.75	335.37001	0.0001	0.0001	1E-11	
648584.344	3870631.75	335.805008	0.0001	0.0001	1E-11	
648888.375	3870631.75	337.75	1E-5	1E-5	1E-11	
649192.406	3870631.75	339.630005	1E-5	1E-5	1E-11	
649496.469	3870631.75	343.660004	1E-6	1E-6	1E-11	
649800.5	3870631.75	345.940002	1E-6	1E-6	1E-11	
650104.531	3870631.75	346.640015	1E-6	1E-6	1E-11	
650408.594	3870631.75	347.459991	1E-5	1E-5	1E-11	
650712.625	3870631.75	347.459991	1E-5	1E-5	1E-11	
651016.656	3870631.75	348.149994	1E-5	1E-5	1E-11	
651320.719	3870631.75	349.98999	1E-5	1E-5	1E-11	
651624.75	3870631.75	349.51001	1E-5	1E-5	1E-11	
651928.875	3870631.75	355.959991	0.001	0.0001	1E-11	
646152.031	3870253.25	397.549988	0.0001	0.0001	1E-11	
646456.063	3870253.25	384.190002	0.0001	0.0001	1E-11	
646760.094	3870253.25	356.26001	1E-5	1E-5	1E-11	
647064.156	3870253.25	353.269989	1E-5	1E-5	1E-11	
647368.188	3870253.25	350.160004	1E-5	1E-5	1E-11	
647672.219	3870253.25	345.380005	0.0001	0.0001	1E-11	
647976.25	3870253.25	342.244995	0.0001	0.0001	1E-11	
648280.281	3870253.25	341.134995	0.0001	0.0001	1E-11	
648584.344	3870253.25	342.915009	0.0001	0.0001	1E-11	
648888.375	3870253.25	345.600006	1E-5	1E-5	1E-11	
649192.406	3870253.25	348.339996	1E-6	1E-6	1E-11	
649496.469	3870253.25	354.390015	1E-6	1E-6	1E-11	
649800.5	3870253.25	358.109985	1E-6	1E-6	1E-11	
650104.531	3870253.25	360.660004	1E-5	1E-5	1E-11	
650408.594	3870253.25	360.190002	1E-5	1E-5	1E-11	
650712.625	3870253.25	359.98999	1E-5	1E-5	1E-11	
651016.656	3870253.25	358.119995	1E-5	1E-5	1E-11	
651320.719	3870253.25	357.079987	0.001	0.0001	1E-11	
651624.75	3870253.25	356.029999	1E-5	1E-5	1E-11	
651928.875	3870253.25	355.170013	0.001	0.0001	1E-11	
646152.031	3869874.63	407.859985	0.0001	0.0001	1E-11	
646456.063	3869874.63	397.089996	0.0001	0.0001	1E-11	
646760.094	3869874.63	361.230011	0.001	0.0001	1E-11	
647064.156	3869874.63	357.600006	0.001	0.0001	1E-11	
647368.188	3869874.63	354.809998	0.0001	0.0001	1E-11	
647672.219	3869874.63	352.709991	0.0001	0.0001	1E-11	
647976.25	3869874.63	350.719986	0.0001	0.0001	1E-11	
648280.281	3869874.63	350.604996	1E-5	1E-5	1E-11	
648584.344	3869874.63	352.384995	1E-5	1E-5	1E-11	
648888.375	3869874.63	354	1E-5	1E-5	1E-11	
649192.406	3869874.63	359.279999	1E-5	1E-5	1E-11	
649496.469	3869874.63	366.350006	1E-5	1E-5	1E-11	
649800.5	3869874.63	372.890015	1E-6	1E-6	1E-11	
650104.531	3869874.63	374.950012	1E-6	1E-6	1E-11	
650408.594	3869874.63	372.220001	1E-6	1E-6	1E-11	
650712.625	3869874.63	369.410004	1E-5	1E-5	1E-11	
651016.656	3869874.63	367.059998	1E-5	1E-5	1E-11	
651320.719	3869874.63	365.799988	0.001	0.0001	1E-11	
651624.75	3869874.63	362.850006	1E-5	1E-5	1E-11	
651928.875	3869874.63	363.660004	1E-5	1E-5	1E-11	
646152.031	3869496	412	0.0001	0.0001	1E-11	
646456.063	3869496	397.410004	0.0001	0.0001	1E-11	
646760.094	3869496	366.190002	1E-5	1E-5	1E-11	
647064.156	3869496	363.450012	1E-5	1E-5	1E-11	
647368.188	3869496	360.100006	0.0001	0.0001	1E-11	
647672.219	3869496	358.070007	0.0001	0.0001	1E-11	
647976.25	3869496	359.490005	0.0001	0.0001	1E-11	
648280.281	3869496	359.809998	0.001	0.0001	1E-11	
648584.344	3869496	361.854996	1E-5	1E-5	1E-11	
648888.375	3869496	364.604996	1E-5	1E-5	1E-11	
649192.406	3869496	367.519989	1E-5	1E-5	1E-11	
649496.469	3869496	375.01001	1E-6	1E-6	1E-11	
649800.5	3869496	381.48999	1E-6	1E-6	1E-11	
650104.531	3869496	384.200012	1E-6	1E-6	1E-11	
650408.594	3869496	383.959991	1E-6	1E-6	1E-11	
650712.625	3869496	377.959991	1E-5	1E-5	1E-11	
651016.656	3869496	374.720001	1E-5	1E-5	1E-11	
651320.719	3869496	371.170013	1E-5	1E-5	1E-11	
651624.75	3869496	369.869995	0.001	0.0001	1E-11	
651928.875	3869496	369.059998	1E-5	1E-5	1E-11	
646152.031	3869117.5	407.380005	0.0001	0.0001	1E-11	
646456.063	3869117.5	373.220001	1E-5	1E-5	1E-11	
646760.094	3869117.5	369.579987	1E-5	1E-5	1E-11	
647064.156	3869117.5	367.98999	1E-5	1E-5	1E-11	
647368.188	3869117.5	365.980011	0.0001	0.0001	1E-11	
647672.219	3869117.5	364.315002	0.0001	0.0001	1E-11	
647976.25	3869117.5	364.414993	0.0001	0.0001	1E-11	
648280.281	3869117.5	365.815002	1E-5	1E-5	1E-11	
648584.344	3869117.5	367.925003	1E-5	1E-5	1E-11	
648888.375	3869117.5	372.50499	1E-5	1E-5	1E-11	
649192.406	3869117.5	375.799988	1E-5	1E-5	1E-11	
649496.469	3869117.5	383.559998	1E-5	1E-5	1E-11	
649800.5	3869117.5	389.119995	1E-6	1E-6	1E-11	
650104.531	3869117.5	394.480011	1E-6	1E-6	1E-11	
650408.594	3869117.5	388.679993	1E-6	1E-6	1E-11	
650712.625	3869117.5	385.350006	1E-5	1E-5	1E-11	
651016.656	3869117.5	381.480011	1E-5	1E-5	1E-11	
651320.719	3869117.5	429.26001	1E-5	1E-5	1E-11	
651624.75	3869117.5	377.100006	0.001	0.0001	1E-11	
651928.875	3869117.5	375.730011	0.001	0.0001	1E-11	
646152.031	3868739	397.570007	0.0001	0.0001	1E-11	
646456.063	3868739	379.429993	1E-5	1E-5	1E-11	
646760.094	3868739	375.679993	1E-5	1E-5	1E-11	
647064.156	3868739	373.48999	1E-5	1E-5	1E-11	
647368.188	3868739	371.339996	0.0001	0.0001	1E-11	
647672.219	3868739	370.330002	0.0001	0.0001	1E-11	
647976.25	3868739	369.775009	0.001	0.0001	1E-11	
648280.281	3868739	371.240005	1E-5	1E-5	1E-11	
648584.344	3868739	374.514999	1E-5	1E-5	1E-11	
648888.375	3868739	379.714996	1E-5	1E-5	1E-11	
649192.406	3868739	385.670013	1E-5	1E-5	1E-11	
649496.469	3868739	391.029999	1E-5	1E-5	1E-11	
649800.5	3868739	396.029999	1E-5	1E-5	1E-11	
650104.531	3868739	399.440002	1E-5	1E-5	1E-11	
650408.594	3868739	398.140015	1E-5	1E-5	1E-11	
650712.625	3868739	395.820007	1E-5	1E-5	1E-11	
651016.656	3868739	392.26001	1E-5	1E-5	1E-11	
651320.719	3868739	389.5	1E-6	1E-6	1E-11	
651624.75	3868739	385.829987	1E-5	1E-5	1E-11	
651928.875	3868739	382.839996	1E-5	1E-5	1E-11	
646152.031	3868360.5	386.799988	1E-5	1E-5	1E-11	
646456.063	3868360.5	383.549988	1E-5	1E-5	1E-11	
646760.094	3868360.5	380.399994	1E-5	1E-5	1E-11	
647064.156	3868360.5	377.73999	0.0001	0.0001	1E-11	
647368.188	3868360.5	375.375	0.0001	0.0001	1E-11	
647672.219	3868360.5	374.565002	0.001	0.0001	1E-11	
647976.25	3868360.5	375.785004	1E-5	1E-5	1E-11	
648280.281	3868360.5	377.845001	1E-5	1E-5	1E-11	
648584.344	3868360.5	382.154999	1E-5	1E-5	1E-11	
648888.375	3868360.5	388.894989	1E-5	1E-5	1E-11	
649192.406	3868360.5	396.660004	1E-5	1E-5	1E-11	
649496.469	3868360.5	403.420013	1E-6	1E-6	1E-11	
649800.5	3868360.5	407.089996	1E-6	1E-6	1E-11	
650104.531	3868360.5	410.609985	1E-6	1E-6	1E-11	
650408.594	3868360.5	411.23999	1E-6	1E-6	1E-11	
650712.625	3868360.5	408.179993	1E-6	1E-6	1E-11	
651016.656	3868360.5	405.950012	1E-6	1E-6	1E-11	
651320.719	3868360.5	401.369995	1E-6	1E-6	1E-11	
651624.75	3868360.5	394.619995	1E-5	1E-5	1E-11	
651928.875	3868360.5	390.700012	1E-5	1E-5	1E-11	
646152.031	3867981.88	391.98999	1E-5	1E-5	1E-11	
646456.063	3867981.88	387.709991	1E-5	1E-5	1E-11	
646760.094	3867981.88	384.809998	1E-5	1E-5	1E-11	
647064.156	3867981.88	381.23999	0.0001	0.0001	1E-11	
647368.188	3867981.88	379.304993	0.001	0.0001	1E-11	
647672.219	3867981.88	380.595001	1E-5	1E-5	1E-11	
647976.25	3867981.88	382.940002	1E-5	1E-5	1E-11	
648280.281	3867981.88	386.600006	1E-5	1E-5	1E-11	
648584.344	3867981.88	391.095001	1E-5	1E-5	1E-11	
648888.375	3867981.88	398.214996	1E-5	1E-5	1E-11	
649192.406	3867981.88	408.170013	1E-5	1E-5	1E-11	
649496.469	3867981.88	414.410004	1E-5	1E-5	1E-11	
649800.5	3867981.88	419.230011	1E-5	1E-5	1E-11	
650104.531	3867981.88	422.75	1E-5	1E-5	1E-11	
650408.594	3867981.88	424.309998	1E-6	1E-6	1E-11	
650712.625	3867981.88	423	1E-6	1E-6	1E-11	
651016.656	3867981.88	421.540009	1E-6	1E-6	1E-11	
651320.719	3867981.88	413.540009	1E-6	1E-6	1E-11	
651624.75	3867981.88	405.440002	1E-6	1E-6	1E-11	
651928.875	3867981.88	398.049988	1E-6	1E-6	1E-11	
646152.031	3867603.25	391.670013	1E-5	1E-5	1E-11	
646456.063	3867603.25	390.350006	1E-5	1E-5	1E-11	
646760.094	3867603.25	388.440002	0.0001	0.0001	1E-11	
647064.156	3867603.25	385.039993	0.0001	0.0001	1E-11	
647368.188	3867603.25	385.580002	0.0001	0.0001	1E-11	
647672.219	3867603.25	387.009995	1E-5	1E-5	1E-11	
647976.25	3867603.25	391.119995	1E-5	1E-5	1E-11	
648280.281	3867603.25	396.089996	1E-5	1E-5	1E-11	
648584.344	3867603.25	400.975006	1E-5	1E-5	1E-11	
648888.375	3867603.25	408.335007	1E-5	1E-5	1E-11	
649192.406	3867603.25	416.130005	1E-5	1E-5	1E-11	
649496.469	3867603.25	423.029999	1E-5	1E-5	1E-11	
649800.5	3867603.25	427.179993	1E-5	1E-5	1E-11	
650104.531	3867603.25	430.790009	1E-5	1E-5	1E-11	
650408.594	3867603.25	432.829987	1E-5	1E-5	1E-11	
650712.625	3867603.25	433.890015	1E-6	1E-6	1E-11	
651016.656	3867603.25	430.480011	1E-6	1E-6	1E-11	
651320.719	3867603.25	421.410004	1E-6	1E-6	1E-11	
651624.75	3867603.25	410.570007	1E-6	1E-6	1E-11	
651928.875	3867603.25	402.519989	1E-6	1E-6	1E-11	
646152.031	3867287	395.350006	1E-5	1E-5	1E-11	
646456.063	3867287	392.529999	1E-5	1E-5	1E-11	
646760.094	3867287	390.559998	0.0001	0.0001	1E-11	
647064.156	3867287	388.490005	0.0001	0.0001	1E-11	
647368.188	3867287	388.455002	0.0001	0.0001	1E-11	
647672.219	3867287	391.924988	0.0001	0.0001	1E-11	
647976.25	3867287	396.285004	0.0001	0.0001	1E-11	
648280.281	3867287	401.770004	0.0001	0.0001	1E-11	
648584.344	3867287	410.275009	0.0001	0.0001	1E-11	
648888.375	3867287	416.729996	0.0001	0.0001	1E-11	
649192.406	3867287	423.26001	0.0001	0.0001	1E-11	
649496.469	3867287	429.019989	0.0001	0.0001	1E-11	
649800.5	3867287	432.850006	0.0001	0.0001	1E-11	
650104.531	3867287	436.709991	0.0001	0.0001	1E-11	
650408.594	3867287	438.200012	0.0001	0.0001	1E-11	
650712.625	3867287	438.359985	0.0001	0.0001	1E-11	
651016.656	3867287	433.190002	0.0001	0.0001	1E-11	
651320.719	3867287	425.269989	0.0001	0.0001	1E-11	
651624.75	3867287	414.420013	1E-5	1E-5	1E-11	
651928.875	3867287	406.299988	1E-5	1E-5	1E-11	
